0.0000	0.350000000000000000000000000000
0.0300	0.351890700000000000000000000000
0.0600	0.353755100000000000000000000000
0.0900	0.355618500000000000000000000000
0.1200	0.357480500000000000000000000000
0.1500	0.359340700000000000000000000000
0.1800	0.361198500000000000000000000000
0.2100	0.363053600000000000000000000000
0.2400	0.364905500000000000000000000000
0.2700	0.366753600000000000000000000000
0.3000	0.368597600000000000000000000000
0.3300	0.370437000000000000000000000000
0.3600	0.372271200000000000000000000000
0.3900	0.374100000000000000000000000000
0.4200	0.375922700000000000000000000000
0.4500	0.377738900000000000000000000000
0.4800	0.379548200000000000000000000000
0.5100	0.381350200000000000000000000000
0.5400	0.383144200000000000000000000000
0.5700	0.384929900000000000000000000000
0.6000	0.386706900000000000000000000000
0.6300	0.388474600000000000000000000000
0.6600	0.390232500000000000000000000000
0.6900	0.391980300000000000000000000000
0.7200	0.393717500000000000000000000000
0.7500	0.395443600000000000000000000000
0.7800	0.397158100000000000000000000000
0.8100	0.398860700000000000000000000000
0.8400	0.400551200000000000000000000000
0.8700	0.402229500000000000000000000000
0.9000	0.403895400000000000000000000000
0.9300	0.405548900000000000000000000000
0.9600	0.407189700000000000000000000000
0.9900	0.408817700000000000000000000000
1.0200	0.410432900000000000000000000000
1.0500	0.412035000000000000000000000000
1.0800	0.413624000000000000000000000000
1.1100	0.415199600000000000000000000000
1.1400	0.416761800000000000000000000000
1.1700	0.418310500000000000000000000000
1.2000	0.419845400000000000000000000000
1.2300	0.421366500000000000000000000000
1.2600	0.422873600000000000000000000000
1.2900	0.424366600000000000000000000000
1.3200	0.425845300000000000000000000000
1.3500	0.427309600000000000000000000000
1.3800	0.428759500000000000000000000000
1.4100	0.430194600000000000000000000000
1.4400	0.431615000000000000000000000000
1.4700	0.433020400000000000000000000000
1.5000	0.434410700000000000000000000000
1.5300	0.435785900000000000000000000000
1.5600	0.437145800000000000000000000000
1.5900	0.438490300000000000000000000000
1.6200	0.439819300000000000000000000000
1.6500	0.441132700000000000000000000000
1.6800	0.442430400000000000000000000000
1.7100	0.443712400000000000000000000000
1.7400	0.444978500000000000000000000000
1.7700	0.446228600000000000000000000000
1.8000	0.447462700000000000000000000000
1.8300	0.448680600000000000000000000000
1.8600	0.449882200000000000000000000000
1.8900	0.451067500000000000000000000000
1.9200	0.452236400000000000000000000000
1.9500	0.453388600000000000000000000000
1.9800	0.454524300000000000000000000000
2.0100	0.455643200000000000000000000000
2.0400	0.456745300000000000000000000000
2.0700	0.457830400000000000000000000000
2.1000	0.458898500000000000000000000000
2.1300	0.459949500000000000000000000000
2.1600	0.460983300000000000000000000000
2.1900	0.461999800000000000000000000000
2.2200	0.462999400000000000000000000000
2.2500	0.463982600000000000000000000000
2.2800	0.464950000000000000000000000000
2.3100	0.465901900000000000000000000000
2.3400	0.466838900000000000000000000000
2.3700	0.467761500000000000000000000000
2.4000	0.468670200000000000000000000000
2.4300	0.469565500000000000000000000000
2.4600	0.470447800000000000000000000000
2.4900	0.471317700000000000000000000000
2.5200	0.472175600000000000000000000000
2.5500	0.473022100000000000000000000000
2.5800	0.473857700000000000000000000000
2.6100	0.474682800000000000000000000000
2.6400	0.475497900000000000000000000000
2.6700	0.476303600000000000000000000000
2.7000	0.477100300000000000000000000000
2.7300	0.477888400000000000000000000000
2.7600	0.478668700000000000000000000000
2.7900	0.479441400000000000000000000000
2.8200	0.480207100000000000000000000000
2.8500	0.480966400000000000000000000000
2.8800	0.481719600000000000000000000000
2.9100	0.482467400000000000000000000000
2.9400	0.483210200000000000000000000000
2.9700	0.483948500000000000000000000000
3.0000	0.484682900000000000000000000000
3.0300	0.485413800000000000000000000000
3.0600	0.486141800000000000000000000000
3.0900	0.486867200000000000000000000000
3.1200	0.487590800000000000000000000000
3.1500	0.488313000000000000000000000000
3.1800	0.489034100000000000000000000000
3.2100	0.489754900000000000000000000000
3.2400	0.490475800000000000000000000000
3.2700	0.491197200000000000000000000000
3.3000	0.491919800000000000000000000000
3.3300	0.492643900000000000000000000000
3.3600	0.493370200000000000000000000000
3.3900	0.494099000000000000000000000000
3.4200	0.494831000000000000000000000000
3.4500	0.495566500000000000000000000000
3.4800	0.496305600000000000000000000000
3.5100	0.497048400000000000000000000000
3.5400	0.497794800000000000000000000000
3.5700	0.498545100000000000000000000000
3.6000	0.499299100000000000000000000000
3.6300	0.500057000000000000000000000000
3.6600	0.500818800000000000000000000000
3.6900	0.501584500000000000000000000000
3.7200	0.502354200000000000000000000000
3.7500	0.503128100000000000000000000000
3.7800	0.503905900000000000000000000000
3.8100	0.504688000000000000000000000000
3.8400	0.505474200000000000000000000000
3.8700	0.506264600000000000000000000000
3.9000	0.507059400000000000000000000000
3.9300	0.507858500000000000000000000000
3.9600	0.508662000000000000000000000000
3.9900	0.509469900000000000000000000000
4.0200	0.510282300000000000000000000000
4.0500	0.511098900000000000000000000000
4.0800	0.511919000000000000000000000000
4.1100	0.512741600000000000000000000000
4.1400	0.513565800000000000000000000000
4.1700	0.514390700000000000000000000000
4.2000	0.515215500000000000000000000000
4.2300	0.516039100000000000000000000000
4.2600	0.516860800000000000000000000000
4.2900	0.517679600000000000000000000000
4.3200	0.518494600000000000000000000000
4.3500	0.519305000000000000000000000000
4.3800	0.520109700000000000000000000000
4.4100	0.520908000000000000000000000000
4.4400	0.521698900000000000000000000000
4.4700	0.522481400000000000000000000000
4.5000	0.523254800000000000000000000000
4.5300	0.524018100000000000000000000000
4.5600	0.524770300000000000000000000000
4.5900	0.525510700000000000000000000000
4.6200	0.526238400000000000000000000000
4.6500	0.526953200000000000000000000000
4.6800	0.527655000000000000000000000000
4.7100	0.528343900000000000000000000000
4.7400	0.529019700000000000000000000000
4.7700	0.529682300000000000000000000000
4.8000	0.530331900000000000000000000000
4.8300	0.530968300000000000000000000000
4.8600	0.531591400000000000000000000000
4.8900	0.532201400000000000000000000000
4.9200	0.532797900000000000000000000000
4.9500	0.533381200000000000000000000000
4.9800	0.533951000000000000000000000000
5.0100	0.534507400000000000000000000000
5.0400	0.535050400000000000000000000000
5.0700	0.535579800000000000000000000000
5.1000	0.536095600000000000000000000000
5.1300	0.536597800000000000000000000000
5.1600	0.537086400000000000000000000000
5.1900	0.537561400000000000000000000000
5.2200	0.538023100000000000000000000000
5.2500	0.538471800000000000000000000000
5.2800	0.538908000000000000000000000000
5.3100	0.539332000000000000000000000000
5.3400	0.539744100000000000000000000000
5.3700	0.540144800000000000000000000000
5.4000	0.540534400000000000000000000000
5.4300	0.540913100000000000000000000000
5.4600	0.541281600000000000000000000000
5.4900	0.541640000000000000000000000000
5.5200	0.541988700000000000000000000000
5.5500	0.542328200000000000000000000000
5.5800	0.542658700000000000000000000000
5.6100	0.542980700000000000000000000000
5.6400	0.543294400000000000000000000000
5.6700	0.543600300000000000000000000000
5.7000	0.543898700000000000000000000000
5.7300	0.544190000000000000000000000000
5.7600	0.544474500000000000000000000000
5.7900	0.544752700000000000000000000000
5.8200	0.545024800000000000000000000000
5.8500	0.545291100000000000000000000000
5.8800	0.545552200000000000000000000000
5.9100	0.545808200000000000000000000000
5.9400	0.546059600000000000000000000000
5.9700	0.546306600000000000000000000000
6.0000	0.546549800000000000000000000000
6.0300	0.546789300000000000000000000000
6.0600	0.547025600000000000000000000000
6.0900	0.547259000000000000000000000000
6.1200	0.547489900000000000000000000000
6.1500	0.547718600000000000000000000000
6.1800	0.547945500000000000000000000000
6.2100	0.548170800000000000000000000000
6.2400	0.548395100000000000000000000000
6.2700	0.548618600000000000000000000000
6.3000	0.548841600000000000000000000000
6.3300	0.549064600000000000000000000000
6.3600	0.549287700000000000000000000000
6.3900	0.549511400000000000000000000000
6.4200	0.549736000000000000000000000000
6.4500	0.549961800000000000000000000000
6.4800	0.550189100000000000000000000000
6.5100	0.550418300000000000000000000000
6.5400	0.550649600000000000000000000000
6.5700	0.550883500000000000000000000000
6.6000	0.551120200000000000000000000000
6.6300	0.551360000000000000000000000000
6.6600	0.551603300000000000000000000000
6.6900	0.551850500000000000000000000000
6.7200	0.552101700000000000000000000000
6.7500	0.552357500000000000000000000000
6.7800	0.552618100000000000000000000000
6.8100	0.552883700000000000000000000000
6.8400	0.553154800000000000000000000000
6.8700	0.553431200000000000000000000000
6.9000	0.553713000000000000000000000000
6.9300	0.554000000000000000000000000000
6.9600	0.554292400000000000000000000000
6.9900	0.554590000000000000000000000000
7.0200	0.554892900000000000000000000000
7.0500	0.555201000000000000000000000000
7.0800	0.555514400000000000000000000000
7.1100	0.555832900000000000000000000000
7.1400	0.556156600000000000000000000000
7.1700	0.556485500000000000000000000000
7.2000	0.556819400000000000000000000000
7.2300	0.557158400000000000000000000000
7.2600	0.557502500000000000000000000000
7.2900	0.557851600000000000000000000000
7.3200	0.558205800000000000000000000000
7.3500	0.558565000000000000000000000000
7.3800	0.558929100000000000000000000000
7.4100	0.559298000000000000000000000000
7.4400	0.559671700000000000000000000000
7.4700	0.560049900000000000000000000000
7.5000	0.560432600000000000000000000000
7.5300	0.560819500000000000000000000000
7.5600	0.561210700000000000000000000000
7.5900	0.561605900000000000000000000000
7.6200	0.562005100000000000000000000000
7.6500	0.562408000000000000000000000000
7.6800	0.562814600000000000000000000000
7.7100	0.563224700000000000000000000000
7.7400	0.563638300000000000000000000000
7.7700	0.564055200000000000000000000000
7.8000	0.564475200000000000000000000000
7.8300	0.564898300000000000000000000000
7.8600	0.565324200000000000000000000000
7.8900	0.565752900000000000000000000000
7.9200	0.566184100000000000000000000000
7.9500	0.566617400000000000000000000000
7.9800	0.567052200000000000000000000000
8.0100	0.567488000000000000000000000000
8.0400	0.567924500000000000000000000000
8.0700	0.568361100000000000000000000000
8.1000	0.568797300000000000000000000000
8.1300	0.569232700000000000000000000000
8.1600	0.569666700000000000000000000000
8.1900	0.570098900000000000000000000000
8.2200	0.570528900000000000000000000000
8.2500	0.570956100000000000000000000000
8.2800	0.571380000000000000000000000000
8.3100	0.571800200000000000000000000000
8.3400	0.572216200000000000000000000000
8.3700	0.572627500000000000000000000000
8.4000	0.573033600000000000000000000000
8.4300	0.573434100000000000000000000000
8.4600	0.573828700000000000000000000000
8.4900	0.574217000000000000000000000000
8.5200	0.574599100000000000000000000000
8.5500	0.574974500000000000000000000000
8.5800	0.575343200000000000000000000000
8.6100	0.575704800000000000000000000000
8.6400	0.576059100000000000000000000000
8.6700	0.576405900000000000000000000000
8.7000	0.576745100000000000000000000000
8.7300	0.577076300000000000000000000000
8.7600	0.577399400000000000000000000000
8.7900	0.577714100000000000000000000000
8.8200	0.578020200000000000000000000000
8.8500	0.578317400000000000000000000000
8.8800	0.578605700000000000000000000000
8.9100	0.578884700000000000000000000000
8.9400	0.579154200000000000000000000000
8.9700	0.579414300000000000000000000000
9.0000	0.579665400000000000000000000000
9.0300	0.579907900000000000000000000000
9.0600	0.580142200000000000000000000000
9.0900	0.580368700000000000000000000000
9.1200	0.580587700000000000000000000000
9.1500	0.580799800000000000000000000000
9.1800	0.581005300000000000000000000000
9.2100	0.581204700000000000000000000000
9.2400	0.581398200000000000000000000000
9.2700	0.581586400000000000000000000000
9.3000	0.581769600000000000000000000000
9.3300	0.581948200000000000000000000000
9.3600	0.582122700000000000000000000000
9.3900	0.582293500000000000000000000000
9.4200	0.582461000000000000000000000000
9.4500	0.582625500000000000000000000000
9.4800	0.582787400000000000000000000000
9.5100	0.582947100000000000000000000000
9.5400	0.583104800000000000000000000000
9.5700	0.583260800000000000000000000000
9.6000	0.583415400000000000000000000000
9.6300	0.583568800000000000000000000000
9.6600	0.583721500000000000000000000000
9.6900	0.583873500000000000000000000000
9.7200	0.584025300000000000000000000000
9.7500	0.584177100000000000000000000000
9.7800	0.584329200000000000000000000000
9.8100	0.584481900000000000000000000000
9.8400	0.584635500000000000000000000000
9.8700	0.584790200000000000000000000000
9.9000	0.584946400000000000000000000000
9.9300	0.585104200000000000000000000000
9.9600	0.585264200000000000000000000000
9.9900	0.585426300000000000000000000000
10.0200	0.585590900000000000000000000000
10.0500	0.585758100000000000000000000000
10.0800	0.585928100000000000000000000000
10.1100	0.586101000000000000000000000000
10.1400	0.586277000000000000000000000000
10.1700	0.586456200000000000000000000000
10.2000	0.586638900000000000000000000000
10.2300	0.586825100000000000000000000000
10.2600	0.587015100000000000000000000000
10.2900	0.587208900000000000000000000000
10.3200	0.587406900000000000000000000000
10.3500	0.587608900000000000000000000000
10.3800	0.587815400000000000000000000000
10.4100	0.588026500000000000000000000000
10.4400	0.588242200000000000000000000000
10.4700	0.588462800000000000000000000000
10.5000	0.588688400000000000000000000000
10.5300	0.588919100000000000000000000000
10.5600	0.589154900000000000000000000000
10.5900	0.589395900000000000000000000000
10.6200	0.589642200000000000000000000000
10.6500	0.589893800000000000000000000000
10.6800	0.590150800000000000000000000000
10.7100	0.590413200000000000000000000000
10.7400	0.590681200000000000000000000000
10.7700	0.590954800000000000000000000000
10.8000	0.591233900000000000000000000000
10.8300	0.591518900000000000000000000000
10.8600	0.591809600000000000000000000000
10.8900	0.592106100000000000000000000000
10.9200	0.592408400000000000000000000000
10.9500	0.592716900000000000000000000000
10.9800	0.593031300000000000000000000000
11.0100	0.593351700000000000000000000000
11.0400	0.593678000000000000000000000000
11.0700	0.594010300000000000000000000000
11.1000	0.594348100000000000000000000000
11.1300	0.594691500000000000000000000000
11.1600	0.595040400000000000000000000000
11.1900	0.595394700000000000000000000000
11.2200	0.595754000000000000000000000000
11.2500	0.596118500000000000000000000000
11.2800	0.596487900000000000000000000000
11.3100	0.596862100000000000000000000000
11.3400	0.597241000000000000000000000000
11.3700	0.597624500000000000000000000000
11.4000	0.598012500000000000000000000000
11.4300	0.598404700000000000000000000000
11.4600	0.598801200000000000000000000000
11.4900	0.599201700000000000000000000000
11.5200	0.599606100000000000000000000000
11.5500	0.600014200000000000000000000000
11.5800	0.600425500000000000000000000000
11.6100	0.600840000000000000000000000000
11.6400	0.601257200000000000000000000000
11.6700	0.601676900000000000000000000000
11.7000	0.602098800000000000000000000000
11.7300	0.602522700000000000000000000000
11.7600	0.602948200000000000000000000000
11.7900	0.603375100000000000000000000000
11.8200	0.603803100000000000000000000000
11.8500	0.604231900000000000000000000000
11.8800	0.604661300000000000000000000000
11.9100	0.605090900000000000000000000000
11.9400	0.605520500000000000000000000000
11.9700	0.605949800000000000000000000000
12.0000	0.606378500000000000000000000000
12.0300	0.606806400000000000000000000000
12.0600	0.607233300000000000000000000000
12.0900	0.607658900000000000000000000000
12.1200	0.608082900000000000000000000000
12.1500	0.608505400000000000000000000000
12.1800	0.608925900000000000000000000000
12.2100	0.609344200000000000000000000000
12.2400	0.609760200000000000000000000000
12.2700	0.610173600000000000000000000000
12.3000	0.610584200000000000000000000000
12.3300	0.610991800000000000000000000000
12.3600	0.611396100000000000000000000000
12.3900	0.611796900000000000000000000000
12.4200	0.612194000000000000000000000000
12.4500	0.612587300000000000000000000000
12.4800	0.612976400000000000000000000000
12.5100	0.613361200000000000000000000000
12.5400	0.613741800000000000000000000000
12.5700	0.614118300000000000000000000000
12.6000	0.614490600000000000000000000000
12.6300	0.614858800000000000000000000000
12.6600	0.615223100000000000000000000000
12.6900	0.615583300000000000000000000000
12.7200	0.615939600000000000000000000000
12.7500	0.616292000000000000000000000000
12.7800	0.616640500000000000000000000000
12.8100	0.616985300000000000000000000000
12.8400	0.617326200000000000000000000000
12.8700	0.617663600000000000000000000000
12.9000	0.617997200000000000000000000000
12.9300	0.618327200000000000000000000000
12.9600	0.618653600000000000000000000000
12.9900	0.618976600000000000000000000000
13.0200	0.619296000000000000000000000000
13.0500	0.619612100000000000000000000000
13.0800	0.619924900000000000000000000000
13.1100	0.620234500000000000000000000000
13.1400	0.620540800000000000000000000000
13.1700	0.620844100000000000000000000000
13.2000	0.621144300000000000000000000000
13.2300	0.621441600000000000000000000000
13.2600	0.621736000000000000000000000000
13.2900	0.622027500000000000000000000000
13.3200	0.622316200000000000000000000000
13.3500	0.622602300000000000000000000000
13.3800	0.622885700000000000000000000000
13.4100	0.623166600000000000000000000000
13.4400	0.623445100000000000000000000000
13.4700	0.623721000000000000000000000000
13.5000	0.623994600000000000000000000000
13.5300	0.624265900000000000000000000000
13.5600	0.624534800000000000000000000000
13.5900	0.624801400000000000000000000000
13.6200	0.625065800000000000000000000000
13.6500	0.625328000000000000000000000000
13.6800	0.625588000000000000000000000000
13.7100	0.625845900000000000000000000000
13.7400	0.626101600000000000000000000000
13.7700	0.626355300000000000000000000000
13.8000	0.626606900000000000000000000000
13.8300	0.626856600000000000000000000000
13.8600	0.627104200000000000000000000000
13.8900	0.627349900000000000000000000000
13.9200	0.627593800000000000000000000000
13.9500	0.627835700000000000000000000000
13.9800	0.628075800000000000000000000000
14.0100	0.628314100000000000000000000000
14.0400	0.628550600000000000000000000000
14.0700	0.628785300000000000000000000000
14.1000	0.629018400000000000000000000000
14.1300	0.629249700000000000000000000000
14.1600	0.629479400000000000000000000000
14.1900	0.629707400000000000000000000000
14.2200	0.629933800000000000000000000000
14.2500	0.630158700000000000000000000000
14.2800	0.630382000000000000000000000000
14.3100	0.630603800000000000000000000000
14.3400	0.630824100000000000000000000000
14.3700	0.631043000000000000000000000000
14.4000	0.631260400000000000000000000000
14.4300	0.631476400000000000000000000000
14.4600	0.631691000000000000000000000000
14.4900	0.631904500000000000000000000000
14.5200	0.632116600000000000000000000000
14.5500	0.632327600000000000000000000000
14.5800	0.632537600000000000000000000000
14.6100	0.632746500000000000000000000000
14.6400	0.632954300000000000000000000000
14.6700	0.633161300000000000000000000000
14.7000	0.633367400000000000000000000000
14.7300	0.633572800000000000000000000000
14.7600	0.633777300000000000000000000000
14.7900	0.633981100000000000000000000000
14.8200	0.634184400000000000000000000000
14.8500	0.634387100000000000000000000000
14.8800	0.634589200000000000000000000000
14.9100	0.634791000000000000000000000000
14.9400	0.634992100000000000000000000000
14.9700	0.635192800000000000000000000000
15.0000	0.635393000000000000000000000000
15.0300	0.635592600000000000000000000000
15.0600	0.635791700000000000000000000000
15.0900	0.635990200000000000000000000000
15.1200	0.636188100000000000000000000000
15.1500	0.636385400000000000000000000000
15.1800	0.636582200000000000000000000000
15.2100	0.636778200000000000000000000000
15.2400	0.636973600000000000000000000000
15.2700	0.637168400000000000000000000000
15.3000	0.637362400000000000000000000000
15.3300	0.637555800000000000000000000000
15.3600	0.637748500000000000000000000000
15.3900	0.637940400000000000000000000000
15.4200	0.638131700000000000000000000000
15.4500	0.638322400000000000000000000000
15.4800	0.638512400000000000000000000000
15.5100	0.638701800000000000000000000000
15.5400	0.638890600000000000000000000000
15.5700	0.639078900000000000000000000000
15.6000	0.639266700000000000000000000000
15.6300	0.639453900000000000000000000000
15.6600	0.639640700000000000000000000000
15.6900	0.639827000000000000000000000000
15.7200	0.640012900000000000000000000000
15.7500	0.640198500000000000000000000000
15.7800	0.640383700000000000000000000000
15.8100	0.640568500000000000000000000000
15.8400	0.640752900000000000000000000000
15.8700	0.640937100000000000000000000000
15.9000	0.641121000000000000000000000000
15.9300	0.641304600000000000000000000000
15.9600	0.641487900000000000000000000000
15.9900	0.641671000000000000000000000000
16.0200	0.641853800000000000000000000000
16.0500	0.642036400000000000000000000000
16.0800	0.642218700000000000000000000000
16.1100	0.642400800000000000000000000000
16.1400	0.642582600000000000000000000000
16.1700	0.642764300000000000000000000000
16.2000	0.642945800000000000000000000000
16.2300	0.643127100000000000000000000000
16.2600	0.643308200000000000000000000000
16.2900	0.643489100000000000000000000000
16.3200	0.643669900000000000000000000000
16.3500	0.643850500000000000000000000000
16.3800	0.644030900000000000000000000000
16.4100	0.644211200000000000000000000000
16.4400	0.644391200000000000000000000000
16.4700	0.644571100000000000000000000000
16.5000	0.644750800000000000000000000000
16.5300	0.644930200000000000000000000000
16.5600	0.645109400000000000000000000000
16.5900	0.645288500000000000000000000000
16.6200	0.645467200000000000000000000000
16.6500	0.645645800000000000000000000000
16.6800	0.645824000000000000000000000000
16.7100	0.646002100000000000000000000000
16.7400	0.646179900000000000000000000000
16.7700	0.646357400000000000000000000000
16.8000	0.646534600000000000000000000000
16.8300	0.646711700000000000000000000000
16.8600	0.646888600000000000000000000000
16.8900	0.647065300000000000000000000000
16.9200	0.647241900000000000000000000000
16.9500	0.647418500000000000000000000000
16.9800	0.647595000000000000000000000000
17.0100	0.647771400000000000000000000000
17.0400	0.647947900000000000000000000000
17.0700	0.648124400000000000000000000000
17.1000	0.648301000000000000000000000000
17.1300	0.648477600000000000000000000000
17.1600	0.648654400000000000000000000000
17.1900	0.648831400000000000000000000000
17.2200	0.649008500000000000000000000000
17.2500	0.649185900000000000000000000000
17.2800	0.649363500000000000000000000000
17.3100	0.649541300000000000000000000000
17.3400	0.649719200000000000000000000000
17.3700	0.649897400000000000000000000000
17.4000	0.650075700000000000000000000000
17.4300	0.650254300000000000000000000000
17.4600	0.650433000000000000000000000000
17.4900	0.650611800000000000000000000000
17.5200	0.650790900000000000000000000000
17.5500	0.650970100000000000000000000000
17.5800	0.651149500000000000000000000000
17.6100	0.651329000000000000000000000000
17.6400	0.651508700000000000000000000000
17.6700	0.651688600000000000000000000000
17.7000	0.651868600000000000000000000000
17.7300	0.652048700000000000000000000000
17.7600	0.652229000000000000000000000000
17.7900	0.652409500000000000000000000000
17.8200	0.652590000000000000000000000000
17.8500	0.652770800000000000000000000000
17.8800	0.652951700000000000000000000000
17.9100	0.653132700000000000000000000000
17.9400	0.653313800000000000000000000000
17.9700	0.653495200000000000000000000000
18.0000	0.653676700000000000000000000000
18.0300	0.653858300000000000000000000000
18.0600	0.654040100000000000000000000000
18.0900	0.654222000000000000000000000000
18.1200	0.654404100000000000000000000000
18.1500	0.654586400000000000000000000000
18.1800	0.654768700000000000000000000000
18.2100	0.654951300000000000000000000000
18.2400	0.655134000000000000000000000000
18.2700	0.655316800000000000000000000000
18.3000	0.655499800000000000000000000000
18.3300	0.655683000000000000000000000000
18.3600	0.655866300000000000000000000000
18.3900	0.656049700000000000000000000000
18.4200	0.656233400000000000000000000000
18.4500	0.656417200000000000000000000000
18.4800	0.656601100000000000000000000000
18.5100	0.656785200000000000000000000000
18.5400	0.656969400000000000000000000000
18.5700	0.657153900000000000000000000000
18.6000	0.657338400000000000000000000000
18.6300	0.657523100000000000000000000000
18.6600	0.657708000000000000000000000000
18.6900	0.657893100000000000000000000000
18.7200	0.658078300000000000000000000000
18.7500	0.658263700000000000000000000000
18.7800	0.658449200000000000000000000000
18.8100	0.658634900000000000000000000000
18.8400	0.658820900000000000000000000000
18.8700	0.659007000000000000000000000000
18.9000	0.659193200000000000000000000000
18.9300	0.659379600000000000000000000000
18.9600	0.659566300000000000000000000000
18.9900	0.659753100000000000000000000000
19.0200	0.659940100000000000000000000000
19.0500	0.660127300000000000000000000000
19.0800	0.660314600000000000000000000000
19.1100	0.660502100000000000000000000000
19.1400	0.660689800000000000000000000000
19.1700	0.660877600000000000000000000000
19.2000	0.661065600000000000000000000000
19.2300	0.661253500000000000000000000000
19.2600	0.661441700000000000000000000000
19.2900	0.661629800000000000000000000000
19.3200	0.661817900000000000000000000000
19.3500	0.662006000000000000000000000000
19.3800	0.662194200000000000000000000000
19.4100	0.662382300000000000000000000000
19.4400	0.662570400000000000000000000000
19.4700	0.662758400000000000000000000000
19.5000	0.662946300000000000000000000000
19.5300	0.663134100000000000000000000000
19.5600	0.663321800000000000000000000000
19.5900	0.663509500000000000000000000000
19.6200	0.663697200000000000000000000000
19.6500	0.663884800000000000000000000000
19.6800	0.664072400000000000000000000000
19.7100	0.664260100000000000000000000000
19.7400	0.664447800000000000000000000000
19.7700	0.664635500000000000000000000000
19.8000	0.664823300000000000000000000000
19.8300	0.665011200000000000000000000000
19.8600	0.665199300000000000000000000000
19.8900	0.665387500000000000000000000000
19.9200	0.665575700000000000000000000000
19.9500	0.665764300000000000000000000000
19.9800	0.665953000000000000000000000000
20.0100	0.666141900000000000000000000000
20.0400	0.666331000000000000000000000000
20.0700	0.666520300000000000000000000000
20.1000	0.666709700000000000000000000000
20.1300	0.666899400000000000000000000000
20.1600	0.667089300000000000000000000000
20.1900	0.667279400000000000000000000000
20.2200	0.667469700000000000000000000000
20.2500	0.667660200000000000000000000000
20.2800	0.667850800000000000000000000000
20.3100	0.668041700000000000000000000000
20.3400	0.668232700000000000000000000000
20.3700	0.668424000000000000000000000000
20.4000	0.668615500000000000000000000000
20.4300	0.668807200000000000000000000000
20.4600	0.668999000000000000000000000000
20.4900	0.669191000000000000000000000000
20.5200	0.669383200000000000000000000000
20.5500	0.669575400000000000000000000000
20.5800	0.669767800000000000000000000000
20.6100	0.669960300000000000000000000000
20.6400	0.670152700000000000000000000000
20.6700	0.670345200000000000000000000000
20.7000	0.670537800000000000000000000000
20.7300	0.670730300000000000000000000000
20.7600	0.670922700000000000000000000000
20.7900	0.671115200000000000000000000000
20.8200	0.671307500000000000000000000000
20.8500	0.671499800000000000000000000000
20.8800	0.671691900000000000000000000000
20.9100	0.671884000000000000000000000000
20.9400	0.672075900000000000000000000000
20.9700	0.672267900000000000000000000000
21.0000	0.672459800000000000000000000000
21.0300	0.672651700000000000000000000000
21.0600	0.672843700000000000000000000000
21.0900	0.673035700000000000000000000000
21.1200	0.673227700000000000000000000000
21.1500	0.673419900000000000000000000000
21.1800	0.673612100000000000000000000000
21.2100	0.673804500000000000000000000000
21.2400	0.673997000000000000000000000000
21.2700	0.674189700000000000000000000000
21.3000	0.674382600000000000000000000000
21.3300	0.674575600000000000000000000000
21.3600	0.674768900000000000000000000000
21.3900	0.674962400000000000000000000000
21.4200	0.675156100000000000000000000000
21.4500	0.675350000000000000000000000000
21.4800	0.675544100000000000000000000000
21.5100	0.675738500000000000000000000000
21.5400	0.675932900000000000000000000000
21.5700	0.676127700000000000000000000000
21.6000	0.676322600000000000000000000000
21.6300	0.676517700000000000000000000000
21.6600	0.676713100000000000000000000000
21.6900	0.676908600000000000000000000000
21.7200	0.677104300000000000000000000000
21.7500	0.677300300000000000000000000000
21.7800	0.677496400000000000000000000000
21.8100	0.677692700000000000000000000000
21.8400	0.677889200000000000000000000000
21.8700	0.678085800000000000000000000000
21.9000	0.678282500000000000000000000000
21.9300	0.678479300000000000000000000000
21.9600	0.678676200000000000000000000000
21.9900	0.678873200000000000000000000000
22.0200	0.679070200000000000000000000000
22.0500	0.679267200000000000000000000000
22.0800	0.679464200000000000000000000000
22.1100	0.679661200000000000000000000000
22.1400	0.679858200000000000000000000000
22.1700	0.680055100000000000000000000000
22.2000	0.680251900000000000000000000000
22.2300	0.680448600000000000000000000000
22.2600	0.680645300000000000000000000000
22.2900	0.680841900000000000000000000000
22.3200	0.681038400000000000000000000000
22.3500	0.681234800000000000000000000000
22.3800	0.681431200000000000000000000000
22.4100	0.681627400000000000000000000000
22.4400	0.681823600000000000000000000000
22.4700	0.682019700000000000000000000000
22.5000	0.682215700000000000000000000000
22.5300	0.682411600000000000000000000000
22.5600	0.682607500000000000000000000000
22.5900	0.682803200000000000000000000000
22.6200	0.682998900000000000000000000000
22.6500	0.683194500000000000000000000000
22.6800	0.683390100000000000000000000000
22.7100	0.683585500000000000000000000000
22.7400	0.683781000000000000000000000000
22.7700	0.683976400000000000000000000000
22.8000	0.684171900000000000000000000000
22.8300	0.684367500000000000000000000000
22.8600	0.684563000000000000000000000000
22.8900	0.684758700000000000000000000000
22.9200	0.684954500000000000000000000000
22.9500	0.685150300000000000000000000000
22.9800	0.685346300000000000000000000000
23.0100	0.685542500000000000000000000000
23.0400	0.685738800000000000000000000000
23.0700	0.685935400000000000000000000000
23.1000	0.686132100000000000000000000000
23.1300	0.686329000000000000000000000000
23.1600	0.686526200000000000000000000000
23.1900	0.686723600000000000000000000000
23.2200	0.686921100000000000000000000000
23.2500	0.687119000000000000000000000000
23.2800	0.687316900000000000000000000000
23.3100	0.687515100000000000000000000000
23.3400	0.687713500000000000000000000000
23.3700	0.687912100000000000000000000000
23.4000	0.688111000000000000000000000000
23.4300	0.688310000000000000000000000000
23.4600	0.688509200000000000000000000000
23.4900	0.688708700000000000000000000000
23.5200	0.688908400000000000000000000000
23.5500	0.689108200000000000000000000000
23.5800	0.689308200000000000000000000000
23.6100	0.689508400000000000000000000000
23.6400	0.689708700000000000000000000000
23.6700	0.689909100000000000000000000000
23.7000	0.690109600000000000000000000000
23.7300	0.690310100000000000000000000000
23.7600	0.690510700000000000000000000000
23.7900	0.690711400000000000000000000000
23.8200	0.690911900000000000000000000000
23.8500	0.691112500000000000000000000000
23.8800	0.691313100000000000000000000000
23.9100	0.691513600000000000000000000000
23.9400	0.691714000000000000000000000000
23.9700	0.691914300000000000000000000000
24.0000	0.692114500000000000000000000000
24.0300	0.692314600000000000000000000000
24.0600	0.692514600000000000000000000000
24.0900	0.692714600000000000000000000000
24.1200	0.692914400000000000000000000000
24.1500	0.693114200000000000000000000000
24.1800	0.693313800000000000000000000000
24.2100	0.693513400000000000000000000000
24.2400	0.693712800000000000000000000000
24.2700	0.693912200000000000000000000000
24.3000	0.694111400000000000000000000000
24.3300	0.694310500000000000000000000000
24.3600	0.694509600000000000000000000000
24.3900	0.694708600000000000000000000000
24.4200	0.694907400000000000000000000000
24.4500	0.695106200000000000000000000000
24.4800	0.695305000000000000000000000000
24.5100	0.695503800000000000000000000000
24.5400	0.695702500000000000000000000000
24.5700	0.695901400000000000000000000000
24.6000	0.696100200000000000000000000000
24.6300	0.696299100000000000000000000000
24.6600	0.696498200000000000000000000000
24.6900	0.696697300000000000000000000000
24.7200	0.696896600000000000000000000000
24.7500	0.697096100000000000000000000000
24.7800	0.697295700000000000000000000000
24.8100	0.697495600000000000000000000000
24.8400	0.697695700000000000000000000000
24.8700	0.697895900000000000000000000000
24.9000	0.698096400000000000000000000000
24.9300	0.698297100000000000000000000000
24.9600	0.698498000000000000000000000000
24.9900	0.698699200000000000000000000000
25.0200	0.698900600000000000000000000000
25.0500	0.699102100000000000000000000000
25.0800	0.699303900000000000000000000000
25.1100	0.699505900000000000000000000000
25.1400	0.699708100000000000000000000000
25.1700	0.699910600000000000000000000000
25.2000	0.700113200000000000000000000000
25.2300	0.700316100000000000000000000000
25.2600	0.700519200000000000000000000000
25.2900	0.700722500000000000000000000000
25.3200	0.700925900000000000000000000000
25.3500	0.701129500000000000000000000000
25.3800	0.701333100000000000000000000000
25.4100	0.701536900000000000000000000000
25.4400	0.701740800000000000000000000000
25.4700	0.701944600000000000000000000000
25.5000	0.702148600000000000000000000000
25.5300	0.702352500000000000000000000000
25.5600	0.702556400000000000000000000000
25.5900	0.702760300000000000000000000000
25.6200	0.702964100000000000000000000000
25.6500	0.703167700000000000000000000000
25.6800	0.703371300000000000000000000000
25.7100	0.703574800000000000000000000000
25.7400	0.703778100000000000000000000000
25.7700	0.703981400000000000000000000000
25.8000	0.704184500000000000000000000000
25.8300	0.704387500000000000000000000000
25.8600	0.704590400000000000000000000000
25.8900	0.704793200000000000000000000000
25.9200	0.704995900000000000000000000000
25.9500	0.705198400000000000000000000000
25.9800	0.705400900000000000000000000000
26.0100	0.705603300000000000000000000000
26.0400	0.705805500000000000000000000000
26.0700	0.706007600000000000000000000000
26.1000	0.706209700000000000000000000000
26.1300	0.706411600000000000000000000000
26.1600	0.706613400000000000000000000000
26.1900	0.706815200000000000000000000000
26.2200	0.707017100000000000000000000000
26.2500	0.707218900000000000000000000000
26.2800	0.707420800000000000000000000000
26.3100	0.707622700000000000000000000000
26.3400	0.707824800000000000000000000000
26.3700	0.708026900000000000000000000000
26.4000	0.708229200000000000000000000000
26.4300	0.708431600000000000000000000000
26.4600	0.708634300000000000000000000000
26.4900	0.708837200000000000000000000000
26.5200	0.709040300000000000000000000000
26.5500	0.709243600000000000000000000000
26.5800	0.709447100000000000000000000000
26.6100	0.709650800000000000000000000000
26.6400	0.709854600000000000000000000000
26.6700	0.710058500000000000000000000000
26.7000	0.710262600000000000000000000000
26.7300	0.710466700000000000000000000000
26.7600	0.710670800000000000000000000000
26.7900	0.710874900000000000000000000000
26.8200	0.711079000000000000000000000000
26.8500	0.711283000000000000000000000000
26.8800	0.711486900000000000000000000000
26.9100	0.711690800000000000000000000000
26.9400	0.711894500000000000000000000000
26.9700	0.712098100000000000000000000000
27.0000	0.712301600000000000000000000000
27.0300	0.712505000000000000000000000000
27.0600	0.712708400000000000000000000000
27.0900	0.712911800000000000000000000000
27.1200	0.713115200000000000000000000000
27.1500	0.713318700000000000000000000000
27.1800	0.713522300000000000000000000000
27.2100	0.713726000000000000000000000000
27.2400	0.713929800000000000000000000000
27.2700	0.714133900000000000000000000000
27.3000	0.714338100000000000000000000000
27.3300	0.714542500000000000000000000000
27.3600	0.714747300000000000000000000000
27.3900	0.714952300000000000000000000000
27.4200	0.715157500000000000000000000000
27.4500	0.715362700000000000000000000000
27.4800	0.715568100000000000000000000000
27.5100	0.715773500000000000000000000000
27.5400	0.715978800000000000000000000000
27.5700	0.716184000000000000000000000000
27.6000	0.716389100000000000000000000000
27.6300	0.716593900000000000000000000000
27.6600	0.716798500000000000000000000000
27.6900	0.717002700000000000000000000000
27.7200	0.717206600000000000000000000000
27.7500	0.717410000000000000000000000000
27.7800	0.717613000000000000000000000000
27.8100	0.717815400000000000000000000000
27.8400	0.718017500000000000000000000000
27.8700	0.718219100000000000000000000000
27.9000	0.718420500000000000000000000000
27.9300	0.718621600000000000000000000000
27.9600	0.718822500000000000000000000000
27.9900	0.719023300000000000000000000000
28.0200	0.719224000000000000000000000000
28.0500	0.719424700000000000000000000000
28.0800	0.719625400000000000000000000000
28.1100	0.719826100000000000000000000000
28.1400	0.720027000000000000000000000000
28.1700	0.720228100000000000000000000000
28.2000	0.720429400000000000000000000000
28.2300	0.720631000000000000000000000000
28.2600	0.720832800000000000000000000000
28.2900	0.721034900000000000000000000000
28.3200	0.721237200000000000000000000000
28.3500	0.721439800000000000000000000000
28.3800	0.721642600000000000000000000000
28.4100	0.721845700000000000000000000000
28.4400	0.722049000000000000000000000000
28.4700	0.722252600000000000000000000000
28.5000	0.722456400000000000000000000000
28.5300	0.722660500000000000000000000000
28.5600	0.722864900000000000000000000000
28.5900	0.723069400000000000000000000000
28.6200	0.723274200000000000000000000000
28.6500	0.723479200000000000000000000000
28.6800	0.723684400000000000000000000000
28.7100	0.723889600000000000000000000000
28.7400	0.724094900000000000000000000000
28.7700	0.724300100000000000000000000000
28.8000	0.724505200000000000000000000000
28.8300	0.724710200000000000000000000000
28.8600	0.724915000000000000000000000000
28.8900	0.725119500000000000000000000000
28.9200	0.725323700000000000000000000000
28.9500	0.725527400000000000000000000000
28.9800	0.725730800000000000000000000000
29.0100	0.725933700000000000000000000000
29.0400	0.726135900000000000000000000000
29.0700	0.726337800000000000000000000000
29.1000	0.726539200000000000000000000000
29.1300	0.726740300000000000000000000000
29.1600	0.726941100000000000000000000000
29.1900	0.727141600000000000000000000000
29.2200	0.727341900000000000000000000000
29.2500	0.727542200000000000000000000000
29.2800	0.727742300000000000000000000000
29.3100	0.727942400000000000000000000000
29.3400	0.728142600000000000000000000000
29.3700	0.728342800000000000000000000000
29.4000	0.728543300000000000000000000000
29.4300	0.728743900000000000000000000000
29.4600	0.728944800000000000000000000000
29.4900	0.729145900000000000000000000000
29.5200	0.729347400000000000000000000000
29.5500	0.729549000000000000000000000000
29.5800	0.729750900000000000000000000000
29.6100	0.729952900000000000000000000000
29.6400	0.730155300000000000000000000000
29.6700	0.730358000000000000000000000000
29.7000	0.730560900000000000000000000000
29.7300	0.730764000000000000000000000000
29.7600	0.730967300000000000000000000000
29.7900	0.731170900000000000000000000000
29.8200	0.731374800000000000000000000000
29.8500	0.731578900000000000000000000000
29.8800	0.731783100000000000000000000000
29.9100	0.731987600000000000000000000000
29.9400	0.732192100000000000000000000000
29.9700	0.732396700000000000000000000000
30.0000	0.732601100000000000000000000000
30.0300	0.732805500000000000000000000000
30.0600	0.733009800000000000000000000000
30.0900	0.733213900000000000000000000000
30.1200	0.733417700000000000000000000000
30.1500	0.733621100000000000000000000000
30.1800	0.733824200000000000000000000000
30.2100	0.734026700000000000000000000000
30.2400	0.734228800000000000000000000000
30.2700	0.734430400000000000000000000000
30.3000	0.734631500000000000000000000000
30.3300	0.734832100000000000000000000000
30.3600	0.735032300000000000000000000000
30.3900	0.735232300000000000000000000000
30.4200	0.735432000000000000000000000000
30.4500	0.735631500000000000000000000000
30.4800	0.735830900000000000000000000000
30.5100	0.736030200000000000000000000000
30.5400	0.736229400000000000000000000000
30.5700	0.736428800000000000000000000000
30.6000	0.736628200000000000000000000000
30.6300	0.736827800000000000000000000000
30.6600	0.737027600000000000000000000000
30.6900	0.737227700000000000000000000000
30.7200	0.737428000000000000000000000000
30.7500	0.737628400000000000000000000000
30.7800	0.737829000000000000000000000000
30.8100	0.738029700000000000000000000000
30.8400	0.738230500000000000000000000000
30.8700	0.738431300000000000000000000000
30.9000	0.738632100000000000000000000000
30.9300	0.738832900000000000000000000000
30.9600	0.739033600000000000000000000000
30.9900	0.739234300000000000000000000000
31.0200	0.739434800000000000000000000000
31.0500	0.739635100000000000000000000000
31.0800	0.739835200000000000000000000000
31.1100	0.740035200000000000000000000000
31.1400	0.740235000000000000000000000000
31.1700	0.740434800000000000000000000000
31.2000	0.740634500000000000000000000000
31.2300	0.740834200000000000000000000000
31.2600	0.741033800000000000000000000000
31.2900	0.741233500000000000000000000000
31.3200	0.741433200000000000000000000000
31.3500	0.741633100000000000000000000000
31.3800	0.741833000000000000000000000000
31.4100	0.742033100000000000000000000000
31.4400	0.742233500000000000000000000000
31.4700	0.742434000000000000000000000000
31.5000	0.742634800000000000000000000000
31.5300	0.742835700000000000000000000000
31.5600	0.743036900000000000000000000000
31.5900	0.743238200000000000000000000000
31.6200	0.743439500000000000000000000000
31.6500	0.743641000000000000000000000000
31.6800	0.743842500000000000000000000000
31.7100	0.744044100000000000000000000000
31.7400	0.744245700000000000000000000000
31.7700	0.744447100000000000000000000000
31.8000	0.744648600000000000000000000000
31.8300	0.744850000000000000000000000000
31.8600	0.745051200000000000000000000000
31.8900	0.745252300000000000000000000000
31.9200	0.745453200000000000000000000000
31.9500	0.745653900000000000000000000000
31.9800	0.745854400000000000000000000000
32.0100	0.746054500000000000000000000000
32.0400	0.746254300000000000000000000000
32.0700	0.746453800000000000000000000000
32.1000	0.746652900000000000000000000000
32.1300	0.746851500000000000000000000000
32.1600	0.747049700000000000000000000000
32.1900	0.747247400000000000000000000000
32.2200	0.747444600000000000000000000000
32.2500	0.747641200000000000000000000000
32.2800	0.747837200000000000000000000000
32.3100	0.748032700000000000000000000000
32.3400	0.748227700000000000000000000000
32.3700	0.748422200000000000000000000000
32.4000	0.748616300000000000000000000000
32.4300	0.748810200000000000000000000000
32.4600	0.749003800000000000000000000000
32.4900	0.749197200000000000000000000000
32.5200	0.749390500000000000000000000000
32.5500	0.749583700000000000000000000000
32.5800	0.749777000000000000000000000000
32.6100	0.749970300000000000000000000000
32.6400	0.750163800000000000000000000000
32.6700	0.750357500000000000000000000000
32.7000	0.750551400000000000000000000000
32.7300	0.750745500000000000000000000000
32.7600	0.750939900000000000000000000000
32.7900	0.751134600000000000000000000000
32.8200	0.751329500000000000000000000000
32.8500	0.751524600000000000000000000000
32.8800	0.751720000000000000000000000000
32.9100	0.751915500000000000000000000000
32.9400	0.752111400000000000000000000000
32.9700	0.752307400000000000000000000000
33.0000	0.752503800000000000000000000000
33.0300	0.752700300000000000000000000000
33.0600	0.752897000000000000000000000000
33.0900	0.753094100000000000000000000000
33.1200	0.753291200000000000000000000000
33.1500	0.753488400000000000000000000000
33.1800	0.753685700000000000000000000000
33.2100	0.753882900000000000000000000000
33.2400	0.754080000000000000000000000000
33.2700	0.754277000000000000000000000000
33.3000	0.754473800000000000000000000000
33.3300	0.754670200000000000000000000000
33.3600	0.754866200000000000000000000000
33.3900	0.755061800000000000000000000000
33.4200	0.755257000000000000000000000000
33.4500	0.755451500000000000000000000000
33.4800	0.755645400000000000000000000000
33.5100	0.755838800000000000000000000000
33.5400	0.756031600000000000000000000000
33.5700	0.756223900000000000000000000000
33.6000	0.756415900000000000000000000000
33.6300	0.756607500000000000000000000000
33.6600	0.756798800000000000000000000000
33.6900	0.756989900000000000000000000000
33.7200	0.757181000000000000000000000000
33.7500	0.757371900000000000000000000000
33.7800	0.757562900000000000000000000000
33.8100	0.757753900000000000000000000000
33.8400	0.757945100000000000000000000000
33.8700	0.758136500000000000000000000000
33.9000	0.758328100000000000000000000000
33.9300	0.758519900000000000000000000000
33.9600	0.758711900000000000000000000000
33.9900	0.758904000000000000000000000000
34.0200	0.759096100000000000000000000000
34.0500	0.759288400000000000000000000000
34.0800	0.759480700000000000000000000000
34.1100	0.759672900000000000000000000000
34.1400	0.759865100000000000000000000000
34.1700	0.760057300000000000000000000000
34.2000	0.760249300000000000000000000000
34.2300	0.760441100000000000000000000000
34.2600	0.760632800000000000000000000000
34.2900	0.760824200000000000000000000000
34.3200	0.761015500000000000000000000000
34.3500	0.761206500000000000000000000000
34.3800	0.761397400000000000000000000000
34.4100	0.761588000000000000000000000000
34.4400	0.761778400000000000000000000000
34.4700	0.761968600000000000000000000000
34.5000	0.762158600000000000000000000000
34.5300	0.762348400000000000000000000000
34.5600	0.762538000000000000000000000000
34.5900	0.762727300000000000000000000000
34.6200	0.762916400000000000000000000000
34.6500	0.763105300000000000000000000000
34.6800	0.763293900000000000000000000000
34.7100	0.763482400000000000000000000000
34.7400	0.763670600000000000000000000000
34.7700	0.763858600000000000000000000000
34.8000	0.764046400000000000000000000000
34.8300	0.764233900000000000000000000000
34.8600	0.764421300000000000000000000000
34.8900	0.764608300000000000000000000000
34.9200	0.764795200000000000000000000000
34.9500	0.764981900000000000000000000000
34.9800	0.765168300000000000000000000000
35.0100	0.765354600000000000000000000000
35.0400	0.765540500000000000000000000000
35.0700	0.765726300000000000000000000000
35.1000	0.765911900000000000000000000000
35.1300	0.766097300000000000000000000000
35.1600	0.766282600000000000000000000000
35.1900	0.766467800000000000000000000000
35.2200	0.766653000000000000000000000000
35.2500	0.766838200000000000000000000000
35.2800	0.767023400000000000000000000000
35.3100	0.767208700000000000000000000000
35.3400	0.767394000000000000000000000000
35.3700	0.767579500000000000000000000000
35.4000	0.767765200000000000000000000000
35.4300	0.767951000000000000000000000000
35.4600	0.768137100000000000000000000000
35.4900	0.768323400000000000000000000000
35.5200	0.768509700000000000000000000000
35.5500	0.768696000000000000000000000000
35.5800	0.768882300000000000000000000000
35.6100	0.769068400000000000000000000000
35.6400	0.769254400000000000000000000000
35.6700	0.769440000000000000000000000000
35.7000	0.769625300000000000000000000000
35.7300	0.769810200000000000000000000000
35.7600	0.769994500000000000000000000000
35.7900	0.770178300000000000000000000000
35.8200	0.770361500000000000000000000000
35.8500	0.770543900000000000000000000000
35.8800	0.770725700000000000000000000000
35.9100	0.770906900000000000000000000000
35.9400	0.771087700000000000000000000000
35.9700	0.771268000000000000000000000000
36.0000	0.771447900000000000000000000000
36.0300	0.771627700000000000000000000000
36.0600	0.771807100000000000000000000000
36.0900	0.771986500000000000000000000000
36.1200	0.772165800000000000000000000000
36.1500	0.772345000000000000000000000000
36.1800	0.772524400000000000000000000000
36.2100	0.772703900000000000000000000000
36.2400	0.772883700000000000000000000000
36.2700	0.773063500000000000000000000000
36.3000	0.773243600000000000000000000000
36.3300	0.773423700000000000000000000000
36.3600	0.773603900000000000000000000000
36.3900	0.773784100000000000000000000000
36.4200	0.773964300000000000000000000000
36.4500	0.774144400000000000000000000000
36.4800	0.774324400000000000000000000000
36.5100	0.774504300000000000000000000000
36.5400	0.774684000000000000000000000000
36.5700	0.774863500000000000000000000000
36.6000	0.775042800000000000000000000000
36.6300	0.775221700000000000000000000000
36.6600	0.775400500000000000000000000000
36.6900	0.775579000000000000000000000000
36.7200	0.775757400000000000000000000000
36.7500	0.775935600000000000000000000000
36.7800	0.776113800000000000000000000000
36.8100	0.776291900000000000000000000000
36.8400	0.776469900000000000000000000000
36.8700	0.776648000000000000000000000000
36.9000	0.776826200000000000000000000000
36.9300	0.777004300000000000000000000000
36.9600	0.777182700000000000000000000000
36.9900	0.777361200000000000000000000000
37.0200	0.777539900000000000000000000000
37.0500	0.777718700000000000000000000000
37.0800	0.777897600000000000000000000000
37.1100	0.778076600000000000000000000000
37.1400	0.778255700000000000000000000000
37.1700	0.778434700000000000000000000000
37.2000	0.778613600000000000000000000000
37.2300	0.778792500000000000000000000000
37.2600	0.778971400000000000000000000000
37.2900	0.779150000000000000000000000000
37.3200	0.779328400000000000000000000000
37.3500	0.779506700000000000000000000000
37.3800	0.779684700000000000000000000000
37.4100	0.779862400000000000000000000000
37.4400	0.780039900000000000000000000000
37.4700	0.780217000000000000000000000000
37.5000	0.780393900000000000000000000000
37.5300	0.780570600000000000000000000000
37.5600	0.780746900000000000000000000000
37.5900	0.780923000000000000000000000000
37.6200	0.781098800000000000000000000000
37.6500	0.781274300000000000000000000000
37.6800	0.781449500000000000000000000000
37.7100	0.781624500000000000000000000000
37.7400	0.781799100000000000000000000000
37.7700	0.781973600000000000000000000000
37.8000	0.782147600000000000000000000000
37.8300	0.782321500000000000000000000000
37.8600	0.782495100000000000000000000000
37.8900	0.782668300000000000000000000000
37.9200	0.782841300000000000000000000000
37.9500	0.783014000000000000000000000000
37.9800	0.783186500000000000000000000000
38.0100	0.783358600000000000000000000000
38.0400	0.783530400000000000000000000000
38.0700	0.783702000000000000000000000000
38.1000	0.783873200000000000000000000000
38.1300	0.784044200000000000000000000000
38.1600	0.784214800000000000000000000000
38.1900	0.784385300000000000000000000000
38.2200	0.784555500000000000000000000000
38.2500	0.784725500000000000000000000000
38.2800	0.784895300000000000000000000000
38.3100	0.785065100000000000000000000000
38.3400	0.785234700000000000000000000000
38.3700	0.785404400000000000000000000000
38.4000	0.785574000000000000000000000000
38.4300	0.785743700000000000000000000000
38.4600	0.785913500000000000000000000000
38.4900	0.786083400000000000000000000000
38.5200	0.786253400000000000000000000000
38.5500	0.786423600000000000000000000000
38.5800	0.786594000000000000000000000000
38.6100	0.786764500000000000000000000000
38.6400	0.786935000000000000000000000000
38.6700	0.787105500000000000000000000000
38.7000	0.787276100000000000000000000000
38.7300	0.787446600000000000000000000000
38.7600	0.787617000000000000000000000000
38.7900	0.787787200000000000000000000000
38.8200	0.787957300000000000000000000000
38.8500	0.788127200000000000000000000000
38.8800	0.788296800000000000000000000000
38.9100	0.788466100000000000000000000000
38.9400	0.788635100000000000000000000000
38.9700	0.788803800000000000000000000000
39.0000	0.788972200000000000000000000000
39.0300	0.789140300000000000000000000000
39.0600	0.789308000000000000000000000000
39.0900	0.789475400000000000000000000000
39.1200	0.789642500000000000000000000000
39.1500	0.789809300000000000000000000000
39.1800	0.789975700000000000000000000000
39.2100	0.790141800000000000000000000000
39.2400	0.790307600000000000000000000000
39.2700	0.790473100000000000000000000000
39.3000	0.790638200000000000000000000000
39.3300	0.790803100000000000000000000000
39.3600	0.790967700000000000000000000000
39.3900	0.791132000000000000000000000000
39.4200	0.791296200000000000000000000000
39.4500	0.791460300000000000000000000000
39.4800	0.791624200000000000000000000000
39.5100	0.791788100000000000000000000000
39.5400	0.791952000000000000000000000000
39.5700	0.792115800000000000000000000000
39.6000	0.792279800000000000000000000000
39.6300	0.792443800000000000000000000000
39.6600	0.792608000000000000000000000000
39.6900	0.792772300000000000000000000000
39.7200	0.792936700000000000000000000000
39.7500	0.793101200000000000000000000000
39.7800	0.793265700000000000000000000000
39.8100	0.793430400000000000000000000000
39.8400	0.793594800000000000000000000000
39.8700	0.793759300000000000000000000000
39.9000	0.793923600000000000000000000000
39.9300	0.794087800000000000000000000000
39.9600	0.794251800000000000000000000000
39.9900	0.794415600000000000000000000000
40.0200	0.794579000000000000000000000000
40.0500	0.794742200000000000000000000000
40.0800	0.794905100000000000000000000000
40.1100	0.795067600000000000000000000000
40.1400	0.795230000000000000000000000000
40.1700	0.795392200000000000000000000000
40.2000	0.795554100000000000000000000000
40.2300	0.795716100000000000000000000000
40.2600	0.795877900000000000000000000000
40.2900	0.796039700000000000000000000000
40.3200	0.796201500000000000000000000000
40.3500	0.796363300000000000000000000000
40.3800	0.796525300000000000000000000000
40.4100	0.796687400000000000000000000000
40.4400	0.796849700000000000000000000000
40.4700	0.797012000000000000000000000000
40.5000	0.797174300000000000000000000000
40.5300	0.797336500000000000000000000000
40.5600	0.797498700000000000000000000000
40.5900	0.797660600000000000000000000000
40.6200	0.797822100000000000000000000000
40.6500	0.797983300000000000000000000000
40.6800	0.798143900000000000000000000000
40.7100	0.798304000000000000000000000000
40.7400	0.798463500000000000000000000000
40.7700	0.798622200000000000000000000000
40.8000	0.798780100000000000000000000000
40.8300	0.798937200000000000000000000000
40.8600	0.799093500000000000000000000000
40.8900	0.799249200000000000000000000000
40.9200	0.799404300000000000000000000000
40.9500	0.799558900000000000000000000000
40.9800	0.799713000000000000000000000000
41.0100	0.799866800000000000000000000000
41.0400	0.800020400000000000000000000000
41.0700	0.800173800000000000000000000000
41.1000	0.800327000000000000000000000000
41.1300	0.800480300000000000000000000000
41.1600	0.800633600000000000000000000000
41.1900	0.800787000000000000000000000000
41.2200	0.800940700000000000000000000000
41.2500	0.801094400000000000000000000000
41.2800	0.801248300000000000000000000000
41.3100	0.801402300000000000000000000000
41.3400	0.801556600000000000000000000000
41.3700	0.801710900000000000000000000000
41.4000	0.801865400000000000000000000000
41.4300	0.802020100000000000000000000000
41.4600	0.802175000000000000000000000000
41.4900	0.802330000000000000000000000000
41.5200	0.802485200000000000000000000000
41.5500	0.802640500000000000000000000000
41.5800	0.802796000000000000000000000000
41.6100	0.802951600000000000000000000000
41.6400	0.803107200000000000000000000000
41.6700	0.803262900000000000000000000000
41.7000	0.803418500000000000000000000000
41.7300	0.803574000000000000000000000000
41.7600	0.803729500000000000000000000000
41.7900	0.803884700000000000000000000000
41.8200	0.804039700000000000000000000000
41.8500	0.804194500000000000000000000000
41.8800	0.804349000000000000000000000000
41.9100	0.804503200000000000000000000000
41.9400	0.804656900000000000000000000000
41.9700	0.804810200000000000000000000000
42.0000	0.804963200000000000000000000000
42.0300	0.805115800000000000000000000000
42.0600	0.805267900000000000000000000000
42.0900	0.805419700000000000000000000000
42.1200	0.805571200000000000000000000000
42.1500	0.805722200000000000000000000000
42.1800	0.805872900000000000000000000000
42.2100	0.806023100000000000000000000000
42.2400	0.806173000000000000000000000000
42.2700	0.806322500000000000000000000000
42.3000	0.806471600000000000000000000000
42.3300	0.806620400000000000000000000000
42.3600	0.806768800000000000000000000000
42.3900	0.806917000000000000000000000000
42.4200	0.807065000000000000000000000000
42.4500	0.807212800000000000000000000000
42.4800	0.807360500000000000000000000000
42.5100	0.807508000000000000000000000000
42.5400	0.807655500000000000000000000000
42.5700	0.807803000000000000000000000000
42.6000	0.807950600000000000000000000000
42.6300	0.808098300000000000000000000000
42.6600	0.808246000000000000000000000000
42.6900	0.808394000000000000000000000000
42.7200	0.808542000000000000000000000000
42.7500	0.808690100000000000000000000000
42.7800	0.808838200000000000000000000000
42.8100	0.808986300000000000000000000000
42.8400	0.809134300000000000000000000000
42.8700	0.809282200000000000000000000000
42.9000	0.809430000000000000000000000000
42.9300	0.809577500000000000000000000000
42.9600	0.809724900000000000000000000000
42.9900	0.809871900000000000000000000000
43.0200	0.810018600000000000000000000000
43.0500	0.810164900000000000000000000000
43.0800	0.810310700000000000000000000000
43.1100	0.810456200000000000000000000000
43.1400	0.810601400000000000000000000000
43.1700	0.810746100000000000000000000000
43.2000	0.810890400000000000000000000000
43.2300	0.811034400000000000000000000000
43.2600	0.811177900000000000000000000000
43.2900	0.811321000000000000000000000000
43.3200	0.811463600000000000000000000000
43.3500	0.811605900000000000000000000000
43.3800	0.811747700000000000000000000000
43.4100	0.811889200000000000000000000000
43.4400	0.812030200000000000000000000000
43.4700	0.812170900000000000000000000000
43.5000	0.812311200000000000000000000000
43.5300	0.812451400000000000000000000000
43.5600	0.812591200000000000000000000000
43.5900	0.812730900000000000000000000000
43.6200	0.812870500000000000000000000000
43.6500	0.813010000000000000000000000000
43.6800	0.813149400000000000000000000000
43.7100	0.813288900000000000000000000000
43.7400	0.813428400000000000000000000000
43.7700	0.813568100000000000000000000000
43.8000	0.813707800000000000000000000000
43.8300	0.813847700000000000000000000000
43.8600	0.813987700000000000000000000000
43.8900	0.814127800000000000000000000000
43.9200	0.814268100000000000000000000000
43.9500	0.814408500000000000000000000000
43.9800	0.814549000000000000000000000000
44.0100	0.814689700000000000000000000000
44.0400	0.814830500000000000000000000000
44.0700	0.814971400000000000000000000000
44.1000	0.815112500000000000000000000000
44.1300	0.815253700000000000000000000000
44.1600	0.815395000000000000000000000000
44.1900	0.815536300000000000000000000000
44.2200	0.815677700000000000000000000000
44.2500	0.815819200000000000000000000000
44.2800	0.815960500000000000000000000000
44.3100	0.816101800000000000000000000000
44.3400	0.816242900000000000000000000000
44.3700	0.816383900000000000000000000000
44.4000	0.816524600000000000000000000000
44.4300	0.816665000000000000000000000000
44.4600	0.816805100000000000000000000000
44.4900	0.816944800000000000000000000000
44.5200	0.817084100000000000000000000000
44.5500	0.817223000000000000000000000000
44.5800	0.817361500000000000000000000000
44.6100	0.817499500000000000000000000000
44.6400	0.817637100000000000000000000000
44.6700	0.817774200000000000000000000000
44.7000	0.817910900000000000000000000000
44.7300	0.818047200000000000000000000000
44.7600	0.818183200000000000000000000000
44.7900	0.818318600000000000000000000000
44.8200	0.818453600000000000000000000000
44.8500	0.818588300000000000000000000000
44.8800	0.818722400000000000000000000000
44.9100	0.818856300000000000000000000000
44.9400	0.818989700000000000000000000000
44.9700	0.819122800000000000000000000000
45.0000	0.819255600000000000000000000000
45.0300	0.819388300000000000000000000000
45.0600	0.819520800000000000000000000000
45.0900	0.819653100000000000000000000000
45.1200	0.819785300000000000000000000000
45.1500	0.819917500000000000000000000000
45.1800	0.820049700000000000000000000000
45.2100	0.820181900000000000000000000000
45.2400	0.820314200000000000000000000000
45.2700	0.820446700000000000000000000000
45.3000	0.820579200000000000000000000000
45.3300	0.820711700000000000000000000000
45.3600	0.820844200000000000000000000000
45.3900	0.820976600000000000000000000000
45.4200	0.821108900000000000000000000000
45.4500	0.821241000000000000000000000000
45.4800	0.821372900000000000000000000000
45.5100	0.821504600000000000000000000000
45.5400	0.821636000000000000000000000000
45.5700	0.821767000000000000000000000000
45.6000	0.821897700000000000000000000000
45.6300	0.822027900000000000000000000000
45.6600	0.822157800000000000000000000000
45.6900	0.822287200000000000000000000000
45.7200	0.822416400000000000000000000000
45.7500	0.822545300000000000000000000000
45.7800	0.822674100000000000000000000000
45.8100	0.822802600000000000000000000000
45.8400	0.822931100000000000000000000000
45.8700	0.823059400000000000000000000000
45.9000	0.823187700000000000000000000000
45.9300	0.823316100000000000000000000000
45.9600	0.823444500000000000000000000000
45.9900	0.823572900000000000000000000000
46.0200	0.823701500000000000000000000000
46.0500	0.823830000000000000000000000000
46.0800	0.823958600000000000000000000000
46.1100	0.824087000000000000000000000000
46.1400	0.824215300000000000000000000000
46.1700	0.824343500000000000000000000000
46.2000	0.824471500000000000000000000000
46.2300	0.824599200000000000000000000000
46.2600	0.824726600000000000000000000000
46.2900	0.824853600000000000000000000000
46.3200	0.824980300000000000000000000000
46.3500	0.825106500000000000000000000000
46.3800	0.825232400000000000000000000000
46.4100	0.825357800000000000000000000000
46.4400	0.825482900000000000000000000000
46.4700	0.825607800000000000000000000000
46.5000	0.825732400000000000000000000000
46.5300	0.825856800000000000000000000000
46.5600	0.825981100000000000000000000000
46.5900	0.826105300000000000000000000000
46.6200	0.826229400000000000000000000000
46.6500	0.826353500000000000000000000000
46.6800	0.826477700000000000000000000000
46.7100	0.826601900000000000000000000000
46.7400	0.826726100000000000000000000000
46.7700	0.826850400000000000000000000000
46.8000	0.826974700000000000000000000000
46.8300	0.827098900000000000000000000000
46.8600	0.827223000000000000000000000000
46.8900	0.827346900000000000000000000000
46.9200	0.827470600000000000000000000000
46.9500	0.827594100000000000000000000000
46.9800	0.827717200000000000000000000000
47.0100	0.827840000000000000000000000000
47.0400	0.827962500000000000000000000000
47.0700	0.828084500000000000000000000000
47.1000	0.828206100000000000000000000000
47.1300	0.828327300000000000000000000000
47.1600	0.828448100000000000000000000000
47.1900	0.828568700000000000000000000000
47.2200	0.828689000000000000000000000000
47.2500	0.828809100000000000000000000000
47.2800	0.828929100000000000000000000000
47.3100	0.829049000000000000000000000000
47.3400	0.829168700000000000000000000000
47.3700	0.829288500000000000000000000000
47.4000	0.829408300000000000000000000000
47.4300	0.829528100000000000000000000000
47.4600	0.829648100000000000000000000000
47.4900	0.829768000000000000000000000000
47.5200	0.829887900000000000000000000000
47.5500	0.830007800000000000000000000000
47.5800	0.830127400000000000000000000000
47.6100	0.830247000000000000000000000000
47.6400	0.830366300000000000000000000000
47.6700	0.830485500000000000000000000000
47.7000	0.830604200000000000000000000000
47.7300	0.830722700000000000000000000000
47.7600	0.830840700000000000000000000000
47.7900	0.830958300000000000000000000000
47.8200	0.831075400000000000000000000000
47.8500	0.831192200000000000000000000000
47.8800	0.831308600000000000000000000000
47.9100	0.831424700000000000000000000000
47.9400	0.831540600000000000000000000000
47.9700	0.831656200000000000000000000000
48.0000	0.831771700000000000000000000000
48.0300	0.831887100000000000000000000000
48.0600	0.832002400000000000000000000000
48.0900	0.832117700000000000000000000000
48.1200	0.832233000000000000000000000000
48.1500	0.832348400000000000000000000000
48.1800	0.832464000000000000000000000000
48.2100	0.832579500000000000000000000000
48.2400	0.832695100000000000000000000000
48.2700	0.832810500000000000000000000000
48.3000	0.832925900000000000000000000000
48.3300	0.833041100000000000000000000000
48.3600	0.833156100000000000000000000000
48.3900	0.833270900000000000000000000000
48.4200	0.833385400000000000000000000000
48.4500	0.833499500000000000000000000000
48.4800	0.833613200000000000000000000000
48.5100	0.833726400000000000000000000000
48.5400	0.833839200000000000000000000000
48.5700	0.833951500000000000000000000000
48.6000	0.834063300000000000000000000000
48.6300	0.834174700000000000000000000000
48.6600	0.834285500000000000000000000000
48.6900	0.834395900000000000000000000000
48.7200	0.834505700000000000000000000000
48.7500	0.834615100000000000000000000000
48.7800	0.834724000000000000000000000000
48.8100	0.834832300000000000000000000000
48.8400	0.834940200000000000000000000000
48.8700	0.835047600000000000000000000000
48.9000	0.835154500000000000000000000000
48.9300	0.835261000000000000000000000000
48.9600	0.835367100000000000000000000000
48.9900	0.835472800000000000000000000000
49.0200	0.835578300000000000000000000000
49.0500	0.835683500000000000000000000000
49.0800	0.835788600000000000000000000000
49.1100	0.835893600000000000000000000000
49.1400	0.835998400000000000000000000000
49.1700	0.836103300000000000000000000000
49.2000	0.836208100000000000000000000000
49.2300	0.836313000000000000000000000000
49.2600	0.836418100000000000000000000000
49.2900	0.836523200000000000000000000000
49.3200	0.836628400000000000000000000000
49.3500	0.836733700000000000000000000000
49.3800	0.836839100000000000000000000000
49.4100	0.836944600000000000000000000000
49.4400	0.837050100000000000000000000000
49.4700	0.837155800000000000000000000000
49.5000	0.837261500000000000000000000000
49.5300	0.837367400000000000000000000000
49.5600	0.837473300000000000000000000000
49.5900	0.837579200000000000000000000000
49.6200	0.837685200000000000000000000000
49.6500	0.837791300000000000000000000000
49.6800	0.837897300000000000000000000000
49.7100	0.838003200000000000000000000000
49.7400	0.838108900000000000000000000000
49.7700	0.838214500000000000000000000000
49.8000	0.838319800000000000000000000000
49.8300	0.838424800000000000000000000000
49.8600	0.838529500000000000000000000000
49.8900	0.838633800000000000000000000000
49.9200	0.838737600000000000000000000000
49.9500	0.838840900000000000000000000000
49.9800	0.838943800000000000000000000000
50.0100	0.839046300000000000000000000000
50.0400	0.839148300000000000000000000000
50.0700	0.839250000000000000000000000000
50.1000	0.839351400000000000000000000000
50.1300	0.839452600000000000000000000000
50.1600	0.839553600000000000000000000000
50.1900	0.839654400000000000000000000000
50.2200	0.839755200000000000000000000000
50.2500	0.839855900000000000000000000000
50.2800	0.839956600000000000000000000000
50.3100	0.840057400000000000000000000000
50.3400	0.840158200000000000000000000000
50.3700	0.840259000000000000000000000000
50.4000	0.840359700000000000000000000000
50.4300	0.840460300000000000000000000000
50.4600	0.840560700000000000000000000000
50.4900	0.840660900000000000000000000000
50.5200	0.840760900000000000000000000000
50.5500	0.840860600000000000000000000000
50.5800	0.840959900000000000000000000000
50.6100	0.841058800000000000000000000000
50.6400	0.841157200000000000000000000000
50.6700	0.841255100000000000000000000000
50.7000	0.841352600000000000000000000000
50.7300	0.841449600000000000000000000000
50.7600	0.841546300000000000000000000000
50.7900	0.841642600000000000000000000000
50.8200	0.841738600000000000000000000000
50.8500	0.841834400000000000000000000000
50.8800	0.841930000000000000000000000000
50.9100	0.842025500000000000000000000000
50.9400	0.842120800000000000000000000000
50.9700	0.842216200000000000000000000000
51.0000	0.842311600000000000000000000000
51.0300	0.842407000000000000000000000000
51.0600	0.842502500000000000000000000000
51.0900	0.842598100000000000000000000000
51.1200	0.842693700000000000000000000000
51.1500	0.842789500000000000000000000000
51.1800	0.842885300000000000000000000000
51.2100	0.842981100000000000000000000000
51.2400	0.843077000000000000000000000000
51.2700	0.843173000000000000000000000000
51.3000	0.843269100000000000000000000000
51.3300	0.843365200000000000000000000000
51.3600	0.843461500000000000000000000000
51.3900	0.843557700000000000000000000000
51.4200	0.843654100000000000000000000000
51.4500	0.843750300000000000000000000000
51.4800	0.843846500000000000000000000000
51.5100	0.843942500000000000000000000000
51.5400	0.844038300000000000000000000000
51.5700	0.844133900000000000000000000000
51.6000	0.844229200000000000000000000000
51.6300	0.844324100000000000000000000000
51.6600	0.844418600000000000000000000000
51.6900	0.844512700000000000000000000000
51.7200	0.844606200000000000000000000000
51.7500	0.844699200000000000000000000000
51.7800	0.844791700000000000000000000000
51.8100	0.844883800000000000000000000000
51.8400	0.844975500000000000000000000000
51.8700	0.845066800000000000000000000000
51.9000	0.845157900000000000000000000000
51.9300	0.845248800000000000000000000000
51.9600	0.845339400000000000000000000000
51.9900	0.845429900000000000000000000000
52.0200	0.845520400000000000000000000000
52.0500	0.845610800000000000000000000000
52.0800	0.845701400000000000000000000000
52.1100	0.845791900000000000000000000000
52.1400	0.845882500000000000000000000000
52.1700	0.845973200000000000000000000000
52.2000	0.846064000000000000000000000000
52.2300	0.846154800000000000000000000000
52.2600	0.846245700000000000000000000000
52.2900	0.846336600000000000000000000000
52.3200	0.846427700000000000000000000000
52.3500	0.846518700000000000000000000000
52.3800	0.846609900000000000000000000000
52.4100	0.846701100000000000000000000000
52.4400	0.846792400000000000000000000000
52.4700	0.846883700000000000000000000000
52.5000	0.846975100000000000000000000000
52.5300	0.847066300000000000000000000000
52.5600	0.847157400000000000000000000000
52.5900	0.847248400000000000000000000000
52.6200	0.847339100000000000000000000000
52.6500	0.847429500000000000000000000000
52.6800	0.847519600000000000000000000000
52.7100	0.847609300000000000000000000000
52.7400	0.847698500000000000000000000000
52.7700	0.847787300000000000000000000000
52.8000	0.847875500000000000000000000000
52.8300	0.847963200000000000000000000000
52.8600	0.848050400000000000000000000000
52.8900	0.848137200000000000000000000000
52.9200	0.848223600000000000000000000000
52.9500	0.848309800000000000000000000000
52.9800	0.848395600000000000000000000000
53.0100	0.848481300000000000000000000000
53.0400	0.848566700000000000000000000000
53.0700	0.848652100000000000000000000000
53.1000	0.848737500000000000000000000000
53.1300	0.848822900000000000000000000000
53.1600	0.848908300000000000000000000000
53.1900	0.848993800000000000000000000000
53.2200	0.849079300000000000000000000000
53.2500	0.849164900000000000000000000000
53.2800	0.849250600000000000000000000000
53.3100	0.849336400000000000000000000000
53.3400	0.849422200000000000000000000000
53.3700	0.849508100000000000000000000000
53.4000	0.849594000000000000000000000000
53.4300	0.849680100000000000000000000000
53.4600	0.849766100000000000000000000000
53.4900	0.849852200000000000000000000000
53.5200	0.849938400000000000000000000000
53.5500	0.850024600000000000000000000000
53.5800	0.850110700000000000000000000000
53.6100	0.850196800000000000000000000000
53.6400	0.850282600000000000000000000000
53.6700	0.850368300000000000000000000000
53.7000	0.850453600000000000000000000000
53.7300	0.850538700000000000000000000000
53.7600	0.850623400000000000000000000000
53.7900	0.850707600000000000000000000000
53.8200	0.850791300000000000000000000000
53.8500	0.850874500000000000000000000000
53.8800	0.850957200000000000000000000000
53.9100	0.851039300000000000000000000000
53.9400	0.851121000000000000000000000000
53.9700	0.851202300000000000000000000000
54.0000	0.851283300000000000000000000000
54.0300	0.851364000000000000000000000000
54.0600	0.851444400000000000000000000000
54.0900	0.851524700000000000000000000000
54.1200	0.851604700000000000000000000000
54.1500	0.851684800000000000000000000000
54.1800	0.851764800000000000000000000000
54.2100	0.851844700000000000000000000000
54.2400	0.851924700000000000000000000000
54.2700	0.852004800000000000000000000000
54.3000	0.852085000000000000000000000000
54.3300	0.852165200000000000000000000000
54.3600	0.852245400000000000000000000000
54.3900	0.852325600000000000000000000000
54.4200	0.852405900000000000000000000000
54.4500	0.852486300000000000000000000000
54.4800	0.852566800000000000000000000000
54.5100	0.852647300000000000000000000000
54.5400	0.852727900000000000000000000000
54.5700	0.852808500000000000000000000000
54.6000	0.852889300000000000000000000000
54.6300	0.852970000000000000000000000000
54.6600	0.853050900000000000000000000000
54.6900	0.853131800000000000000000000000
54.7200	0.853212700000000000000000000000
54.7500	0.853293600000000000000000000000
54.7800	0.853374700000000000000000000000
54.8100	0.853455700000000000000000000000
54.8400	0.853536700000000000000000000000
54.8700	0.853617900000000000000000000000
54.9000	0.853698900000000000000000000000
54.9300	0.853780000000000000000000000000
54.9600	0.853861100000000000000000000000
54.9900	0.853942000000000000000000000000
55.0200	0.854022800000000000000000000000
55.0500	0.854103400000000000000000000000
55.0800	0.854183700000000000000000000000
55.1100	0.854263700000000000000000000000
55.1400	0.854343400000000000000000000000
55.1700	0.854422700000000000000000000000
55.2000	0.854501500000000000000000000000
55.2300	0.854579900000000000000000000000
55.2600	0.854657700000000000000000000000
55.2900	0.854734900000000000000000000000
55.3200	0.854811800000000000000000000000
55.3500	0.854888400000000000000000000000
55.3800	0.854964700000000000000000000000
55.4100	0.855041000000000000000000000000
55.4400	0.855117300000000000000000000000
55.4700	0.855193700000000000000000000000
55.5000	0.855270400000000000000000000000
55.5300	0.855347400000000000000000000000
55.5600	0.855424800000000000000000000000
55.5900	0.855502700000000000000000000000
55.6200	0.855581400000000000000000000000
55.6500	0.855660600000000000000000000000
55.6800	0.855740300000000000000000000000
55.7100	0.855820300000000000000000000000
55.7400	0.855900600000000000000000000000
55.7700	0.855981100000000000000000000000
55.8000	0.856061700000000000000000000000
55.8300	0.856142200000000000000000000000
55.8600	0.856222500000000000000000000000
55.8900	0.856302500000000000000000000000
55.9200	0.856382100000000000000000000000
55.9500	0.856461200000000000000000000000
55.9800	0.856539900000000000000000000000
56.0100	0.856617800000000000000000000000
56.0400	0.856695200000000000000000000000
56.0700	0.856772000000000000000000000000
56.1000	0.856848200000000000000000000000
56.1300	0.856923800000000000000000000000
56.1600	0.856998800000000000000000000000
56.1900	0.857073300000000000000000000000
56.2200	0.857147100000000000000000000000
56.2500	0.857220300000000000000000000000
56.2800	0.857293000000000000000000000000
56.3100	0.857365100000000000000000000000
56.3400	0.857436600000000000000000000000
56.3700	0.857507700000000000000000000000
56.4000	0.857578400000000000000000000000
56.4300	0.857649000000000000000000000000
56.4600	0.857719400000000000000000000000
56.4900	0.857789900000000000000000000000
56.5200	0.857860400000000000000000000000
56.5500	0.857931200000000000000000000000
56.5800	0.858002300000000000000000000000
56.6100	0.858073800000000000000000000000
56.6400	0.858145900000000000000000000000
56.6700	0.858218600000000000000000000000
56.7000	0.858291900000000000000000000000
56.7300	0.858365800000000000000000000000
56.7600	0.858439900000000000000000000000
56.7900	0.858514400000000000000000000000
56.8200	0.858589100000000000000000000000
56.8500	0.858663700000000000000000000000
56.8800	0.858738300000000000000000000000
56.9100	0.858812700000000000000000000000
56.9400	0.858887000000000000000000000000
56.9700	0.858960800000000000000000000000
57.0000	0.859034100000000000000000000000
57.0300	0.859106800000000000000000000000
57.0600	0.859179000000000000000000000000
57.0900	0.859250700000000000000000000000
57.1200	0.859322000000000000000000000000
57.1500	0.859393000000000000000000000000
57.1800	0.859463600000000000000000000000
57.2100	0.859534100000000000000000000000
57.2400	0.859604200000000000000000000000
57.2700	0.859674200000000000000000000000
57.3000	0.859744100000000000000000000000
57.3300	0.859814000000000000000000000000
57.3600	0.859883900000000000000000000000
57.3900	0.859953800000000000000000000000
57.4200	0.860023700000000000000000000000
57.4500	0.860093700000000000000000000000
57.4800	0.860163600000000000000000000000
57.5100	0.860233600000000000000000000000
57.5400	0.860303700000000000000000000000
57.5700	0.860373800000000000000000000000
57.6000	0.860443800000000000000000000000
57.6300	0.860514000000000000000000000000
57.6600	0.860584200000000000000000000000
57.6900	0.860654400000000000000000000000
57.7200	0.860724500000000000000000000000
57.7500	0.860794700000000000000000000000
57.7800	0.860864800000000000000000000000
57.8100	0.860934800000000000000000000000
57.8400	0.861004600000000000000000000000
57.8700	0.861074200000000000000000000000
57.9000	0.861143400000000000000000000000
57.9300	0.861212300000000000000000000000
57.9600	0.861280900000000000000000000000
57.9900	0.861349000000000000000000000000
58.0200	0.861416600000000000000000000000
58.0500	0.861483600000000000000000000000
58.0800	0.861550100000000000000000000000
58.1100	0.861616200000000000000000000000
58.1400	0.861681900000000000000000000000
58.1700	0.861747400000000000000000000000
58.2000	0.861812700000000000000000000000
58.2300	0.861878000000000000000000000000
58.2600	0.861943400000000000000000000000
58.2900	0.862009000000000000000000000000
58.3200	0.862074800000000000000000000000
58.3500	0.862141100000000000000000000000
58.3800	0.862207900000000000000000000000
58.4100	0.862275300000000000000000000000
58.4400	0.862343300000000000000000000000
58.4700	0.862411800000000000000000000000
58.5000	0.862480700000000000000000000000
58.5300	0.862549700000000000000000000000
58.5600	0.862619000000000000000000000000
58.5900	0.862688300000000000000000000000
58.6200	0.862757600000000000000000000000
58.6500	0.862826700000000000000000000000
58.6800	0.862895400000000000000000000000
58.7100	0.862963900000000000000000000000
58.7400	0.863031700000000000000000000000
58.7700	0.863099100000000000000000000000
58.8000	0.863166000000000000000000000000
58.8300	0.863232300000000000000000000000
58.8600	0.863298200000000000000000000000
58.8900	0.863363700000000000000000000000
58.9200	0.863429000000000000000000000000
58.9500	0.863493900000000000000000000000
58.9800	0.863558600000000000000000000000
59.0100	0.863623200000000000000000000000
59.0400	0.863687600000000000000000000000
59.0700	0.863752000000000000000000000000
59.1000	0.863816400000000000000000000000
59.1300	0.863880800000000000000000000000
59.1600	0.863945300000000000000000000000
59.1900	0.864009700000000000000000000000
59.2200	0.864074200000000000000000000000
59.2500	0.864138700000000000000000000000
59.2800	0.864203300000000000000000000000
59.3100	0.864267900000000000000000000000
59.3400	0.864332600000000000000000000000
59.3700	0.864397300000000000000000000000
59.4000	0.864462000000000000000000000000
59.4300	0.864526800000000000000000000000
59.4600	0.864591700000000000000000000000
59.4900	0.864656500000000000000000000000
59.5200	0.864721300000000000000000000000
59.5500	0.864785900000000000000000000000
59.5800	0.864850300000000000000000000000
59.6100	0.864914600000000000000000000000
59.6400	0.864978500000000000000000000000
59.6700	0.865042100000000000000000000000
59.7000	0.865105200000000000000000000000
59.7300	0.865167800000000000000000000000
59.7600	0.865229900000000000000000000000
59.7900	0.865291400000000000000000000000
59.8200	0.865352200000000000000000000000
59.8500	0.865412500000000000000000000000
59.8800	0.865472400000000000000000000000
59.9100	0.865531700000000000000000000000
59.9400	0.865590600000000000000000000000
59.9700	0.865649300000000000000000000000
60.0000	0.865707600000000000000000000000
60.0300	0.865765800000000000000000000000
60.0600	0.865823900000000000000000000000
60.0900	0.865881800000000000000000000000
60.1200	0.865939600000000000000000000000
60.1500	0.865997600000000000000000000000
60.1800	0.866055500000000000000000000000
60.2100	0.866113600000000000000000000000
60.2400	0.866172000000000000000000000000
60.2700	0.866230600000000000000000000000
60.3000	0.866289500000000000000000000000
60.3300	0.866348800000000000000000000000
60.3600	0.866408400000000000000000000000
60.3900	0.866468600000000000000000000000
60.4200	0.866529400000000000000000000000
60.4500	0.866590800000000000000000000000
60.4800	0.866652800000000000000000000000
60.5100	0.866715500000000000000000000000
60.5400	0.866778700000000000000000000000
60.5700	0.866842500000000000000000000000
60.6000	0.866906500000000000000000000000
60.6300	0.866970700000000000000000000000
60.6600	0.867035000000000000000000000000
60.6900	0.867099300000000000000000000000
60.7200	0.867163500000000000000000000000
60.7500	0.867227400000000000000000000000
60.7800	0.867290800000000000000000000000
60.8100	0.867353900000000000000000000000
60.8400	0.867416300000000000000000000000
60.8700	0.867478000000000000000000000000
60.9000	0.867539100000000000000000000000
60.9300	0.867599500000000000000000000000
60.9600	0.867659400000000000000000000000
60.9900	0.867718500000000000000000000000
61.0200	0.867777000000000000000000000000
61.0500	0.867834800000000000000000000000
61.0800	0.867892000000000000000000000000
61.1100	0.867948500000000000000000000000
61.1400	0.868004400000000000000000000000
61.1700	0.868059600000000000000000000000
61.2000	0.868114300000000000000000000000
61.2300	0.868168300000000000000000000000
61.2600	0.868222000000000000000000000000
61.2900	0.868275500000000000000000000000
61.3200	0.868328700000000000000000000000
61.3500	0.868382000000000000000000000000
61.3800	0.868435200000000000000000000000
61.4100	0.868488800000000000000000000000
61.4400	0.868542600000000000000000000000
61.4700	0.868596900000000000000000000000
61.5000	0.868651700000000000000000000000
61.5300	0.868707200000000000000000000000
61.5600	0.868763300000000000000000000000
61.5900	0.868820100000000000000000000000
61.6200	0.868877400000000000000000000000
61.6500	0.868935300000000000000000000000
61.6800	0.868993500000000000000000000000
61.7100	0.869052200000000000000000000000
61.7400	0.869111100000000000000000000000
61.7700	0.869170400000000000000000000000
61.8000	0.869229900000000000000000000000
61.8300	0.869289400000000000000000000000
61.8600	0.869349100000000000000000000000
61.8900	0.869408800000000000000000000000
61.9200	0.869468500000000000000000000000
61.9500	0.869528100000000000000000000000
61.9800	0.869587500000000000000000000000
62.0100	0.869646700000000000000000000000
62.0400	0.869705600000000000000000000000
62.0700	0.869764200000000000000000000000
62.1000	0.869822400000000000000000000000
62.1300	0.869880100000000000000000000000
62.1600	0.869937400000000000000000000000
62.1900	0.869994000000000000000000000000
62.2200	0.870050000000000000000000000000
62.2500	0.870105400000000000000000000000
62.2800	0.870160200000000000000000000000
62.3100	0.870214500000000000000000000000
62.3400	0.870268400000000000000000000000
62.3700	0.870322000000000000000000000000
62.4000	0.870375100000000000000000000000
62.4300	0.870428000000000000000000000000
62.4600	0.870480800000000000000000000000
62.4900	0.870533300000000000000000000000
62.5200	0.870585800000000000000000000000
62.5500	0.870638200000000000000000000000
62.5800	0.870690700000000000000000000000
62.6100	0.870743200000000000000000000000
62.6400	0.870795700000000000000000000000
62.6700	0.870848100000000000000000000000
62.7000	0.870900700000000000000000000000
62.7300	0.870953300000000000000000000000
62.7600	0.871005900000000000000000000000
62.7900	0.871058500000000000000000000000
62.8200	0.871111200000000000000000000000
62.8500	0.871163900000000000000000000000
62.8800	0.871216600000000000000000000000
62.9100	0.871269400000000000000000000000
62.9400	0.871322200000000000000000000000
62.9700	0.871375100000000000000000000000
63.0000	0.871427900000000000000000000000
63.0300	0.871480800000000000000000000000
63.0600	0.871533800000000000000000000000
63.0900	0.871586700000000000000000000000
63.1200	0.871639600000000000000000000000
63.1500	0.871692600000000000000000000000
63.1800	0.871745700000000000000000000000
63.2100	0.871798600000000000000000000000
63.2400	0.871851700000000000000000000000
63.2700	0.871904700000000000000000000000
63.3000	0.871957800000000000000000000000
63.3300	0.872010800000000000000000000000
63.3600	0.872063900000000000000000000000
63.3900	0.872116900000000000000000000000
63.4200	0.872170000000000000000000000000
63.4500	0.872223100000000000000000000000
63.4800	0.872276200000000000000000000000
63.5100	0.872329300000000000000000000000
63.5400	0.872382400000000000000000000000
63.5700	0.872435500000000000000000000000
63.6000	0.872488600000000000000000000000
63.6300	0.872541800000000000000000000000
63.6600	0.872595000000000000000000000000
63.6900	0.872648100000000000000000000000
63.7200	0.872701200000000000000000000000
63.7500	0.872754400000000000000000000000
63.7800	0.872807600000000000000000000000
63.8100	0.872860800000000000000000000000
63.8400	0.872914000000000000000000000000
63.8700	0.872967200000000000000000000000
63.9000	0.873020400000000000000000000000
63.9300	0.873073600000000000000000000000
63.9600	0.873126800000000000000000000000
63.9900	0.873180100000000000000000000000
64.0200	0.873233300000000000000000000000
64.0500	0.873286600000000000000000000000
64.0800	0.873339900000000000000000000000
64.1100	0.873393200000000000000000000000
64.1400	0.873446600000000000000000000000
64.1700	0.873499900000000000000000000000
64.2000	0.873553300000000000000000000000
64.2300	0.873606800000000000000000000000
64.2600	0.873660300000000000000000000000
64.2900	0.873713700000000000000000000000
64.3200	0.873767300000000000000000000000
64.3500	0.873820900000000000000000000000
64.3800	0.873874500000000000000000000000
64.4100	0.873928200000000000000000000000
64.4400	0.873981800000000000000000000000
64.4700	0.874035500000000000000000000000
64.5000	0.874089300000000000000000000000
64.5300	0.874143000000000000000000000000
64.5600	0.874196800000000000000000000000
64.5900	0.874250600000000000000000000000
64.6200	0.874304400000000000000000000000
64.6500	0.874358200000000000000000000000
64.6800	0.874411900000000000000000000000
64.7100	0.874465500000000000000000000000
64.7400	0.874518900000000000000000000000
64.7700	0.874572100000000000000000000000
64.8000	0.874624900000000000000000000000
64.8300	0.874677400000000000000000000000
64.8600	0.874729500000000000000000000000
64.8900	0.874781100000000000000000000000
64.9200	0.874832000000000000000000000000
64.9500	0.874882400000000000000000000000
64.9800	0.874932200000000000000000000000
65.0100	0.874981300000000000000000000000
65.0400	0.875029900000000000000000000000
65.0700	0.875078000000000000000000000000
65.1000	0.875125700000000000000000000000
65.1300	0.875173000000000000000000000000
65.1600	0.875220000000000000000000000000
65.1900	0.875266800000000000000000000000
65.2200	0.875313400000000000000000000000
65.2500	0.875359800000000000000000000000
65.2800	0.875406300000000000000000000000
65.3100	0.875452600000000000000000000000
65.3400	0.875499100000000000000000000000
65.3700	0.875545700000000000000000000000
65.4000	0.875592500000000000000000000000
65.4300	0.875639600000000000000000000000
65.4600	0.875686900000000000000000000000
65.4900	0.875734600000000000000000000000
65.5200	0.875782700000000000000000000000
65.5500	0.875831400000000000000000000000
65.5800	0.875880400000000000000000000000
65.6100	0.875930200000000000000000000000
65.6400	0.875980500000000000000000000000
65.6700	0.876031600000000000000000000000
65.7000	0.876083200000000000000000000000
65.7300	0.876135300000000000000000000000
65.7600	0.876187600000000000000000000000
65.7900	0.876240200000000000000000000000
65.8200	0.876292900000000000000000000000
65.8500	0.876345600000000000000000000000
65.8800	0.876398100000000000000000000000
65.9100	0.876450300000000000000000000000
65.9400	0.876502200000000000000000000000
65.9700	0.876553500000000000000000000000
66.0000	0.876604200000000000000000000000
66.0300	0.876654400000000000000000000000
66.0600	0.876703900000000000000000000000
66.0900	0.876753000000000000000000000000
66.1200	0.876801600000000000000000000000
66.1500	0.876849700000000000000000000000
66.1800	0.876897600000000000000000000000
66.2100	0.876945100000000000000000000000
66.2400	0.876992400000000000000000000000
66.2700	0.877039500000000000000000000000
66.3000	0.877086500000000000000000000000
66.3300	0.877133400000000000000000000000
66.3600	0.877180200000000000000000000000
66.3900	0.877227100000000000000000000000
66.4200	0.877273800000000000000000000000
66.4500	0.877320600000000000000000000000
66.4800	0.877367400000000000000000000000
66.5100	0.877414100000000000000000000000
66.5400	0.877460900000000000000000000000
66.5700	0.877507800000000000000000000000
66.6000	0.877554600000000000000000000000
66.6300	0.877601400000000000000000000000
66.6600	0.877648400000000000000000000000
66.6900	0.877695400000000000000000000000
66.7200	0.877742500000000000000000000000
66.7500	0.877789800000000000000000000000
66.7800	0.877837300000000000000000000000
66.8100	0.877885000000000000000000000000
66.8400	0.877933100000000000000000000000
66.8700	0.877981600000000000000000000000
66.9000	0.878030500000000000000000000000
66.9300	0.878079900000000000000000000000
66.9600	0.878129800000000000000000000000
66.9900	0.878180400000000000000000000000
67.0200	0.878231500000000000000000000000
67.0500	0.878283300000000000000000000000
67.0800	0.878335600000000000000000000000
67.1100	0.878388200000000000000000000000
67.1400	0.878441100000000000000000000000
67.1700	0.878494200000000000000000000000
67.2000	0.878547300000000000000000000000
67.2300	0.878600300000000000000000000000
67.2600	0.878653100000000000000000000000
67.2900	0.878705500000000000000000000000
67.3200	0.878757600000000000000000000000
67.3500	0.878809000000000000000000000000
67.3800	0.878859900000000000000000000000
67.4100	0.878910100000000000000000000000
67.4400	0.878959800000000000000000000000
67.4700	0.879009000000000000000000000000
67.5000	0.879057700000000000000000000000
67.5300	0.879106200000000000000000000000
67.5600	0.879154300000000000000000000000
67.5900	0.879202100000000000000000000000
67.6200	0.879249800000000000000000000000
67.6500	0.879297300000000000000000000000
67.6800	0.879344700000000000000000000000
67.7100	0.879392100000000000000000000000
67.7400	0.879439500000000000000000000000
67.7700	0.879486800000000000000000000000
67.8000	0.879534200000000000000000000000
67.8300	0.879581600000000000000000000000
67.8600	0.879629000000000000000000000000
67.8900	0.879676500000000000000000000000
67.9200	0.879723900000000000000000000000
67.9500	0.879771400000000000000000000000
67.9800	0.879819000000000000000000000000
68.0100	0.879866600000000000000000000000
68.0400	0.879914200000000000000000000000
68.0700	0.879962000000000000000000000000
68.1000	0.880009800000000000000000000000
68.1300	0.880057600000000000000000000000
68.1600	0.880105500000000000000000000000
68.1900	0.880153400000000000000000000000
68.2200	0.880201400000000000000000000000
68.2500	0.880249400000000000000000000000
68.2800	0.880297400000000000000000000000
68.3100	0.880345300000000000000000000000
68.3400	0.880393300000000000000000000000
68.3700	0.880441300000000000000000000000
68.4000	0.880489300000000000000000000000
68.4300	0.880537200000000000000000000000
68.4600	0.880584900000000000000000000000
68.4900	0.880632500000000000000000000000
68.5200	0.880679800000000000000000000000
68.5500	0.880726800000000000000000000000
68.5800	0.880773500000000000000000000000
68.6100	0.880819700000000000000000000000
68.6400	0.880865500000000000000000000000
68.6700	0.880910700000000000000000000000
68.7000	0.880955300000000000000000000000
68.7300	0.880999300000000000000000000000
68.7600	0.881042700000000000000000000000
68.7900	0.881085600000000000000000000000
68.8200	0.881128200000000000000000000000
68.8500	0.881170600000000000000000000000
68.8800	0.881212800000000000000000000000
68.9100	0.881255100000000000000000000000
68.9400	0.881297500000000000000000000000
68.9700	0.881340100000000000000000000000
69.0000	0.881383100000000000000000000000
69.0300	0.881426600000000000000000000000
69.0600	0.881470600000000000000000000000
69.0900	0.881515400000000000000000000000
69.1200	0.881560700000000000000000000000
69.1500	0.881606600000000000000000000000
69.1800	0.881652900000000000000000000000
69.2100	0.881699700000000000000000000000
69.2400	0.881746800000000000000000000000
69.2700	0.881794300000000000000000000000
69.3000	0.881841900000000000000000000000
69.3300	0.881889800000000000000000000000
69.3600	0.881937700000000000000000000000
100.0000	0.910000000000000000000000000000