0.0000	0.000000000000000000000000000000
0.5000	0.000000000000000000000000000000
1.0000	0.000000000000000000000000000000
1.5000	0.000000000000000000000000000000
2.0000	0.000000000000000000000000000000
2.5000	0.000000000000000000000000000000
3.0000	0.000000000000000000000000000000
3.5000	0.000000000000000000000000000000
4.0000	0.000000000000000000000000000000
4.5000	0.000000000000000000000000000000
5.0000	0.000000000000000000000000000000
5.5000	0.000000000000000000000000000000
6.0000	0.000000000000000000000000000000
6.5000	0.000000000000000000000000000000
7.0000	0.000000000000000000000000000000
7.5000	0.000000000000000000000000000000
8.0000	0.000000000000000000000000000000
8.5000	0.000000000000000000000000000000
9.0000	0.000000000000000000000000000000
9.5000	0.000000000000000000000000000000
10.0000	0.000000000000000000000000000000
10.5000	0.000000000000000000000000000000
11.0000	0.000000000000000000000000000000
11.5000	0.000000000000000000000000000000
12.0000	0.000000000000000000000000000000
12.5000	0.000000000000000000000000000000
13.0000	0.000000000000000000000000000000
13.5000	0.000000000000000000000000000000
14.0000	0.000000000000000000000000000000
14.5000	0.000000000000000000000000000000
15.0000	0.000000000000000000000000000000
15.5000	0.000000000000000000000000000000
16.0000	0.000000000000000000000000000000
16.5000	0.000000000000000000000000000000
17.0000	0.000000000000000000000000000000
17.5000	0.000000000000000000000000000000
18.0000	0.000000000000000000000000000000
18.5000	0.000000000000000000000000000000
19.0000	0.000000000000000000000000000000
19.5000	0.000000000000000000000000000000
20.0000	0.000000000000000000000000000000
20.5000	0.000000000000000000000000000000
21.0000	0.000000000000000000000000000000
21.5000	0.000000000000000000000000000000
22.0000	0.000000000000000000000000000000
22.5000	0.000000000000000000000000000000
23.0000	0.000000000000000000000000000000
23.5000	0.000000000000000000000000000000
24.0000	0.000000000000199752876110277000
24.5000	0.000000000000998795554558321000
25.0000	0.000000000002992566280425430000
25.5000	0.000000000006964271983578650000
26.0000	0.000000000013872408584441800000
26.5000	0.000000000024834077060192400000
27.0000	0.000000000041104467553304100000
27.5000	0.000000000064053096772363800000
28.0000	0.000000000095137574991092700000
28.5000	0.000000000135875839749599000000
29.0000	0.000000000187817913126075000000
29.5000	0.000000000251791666805766000000
30.0000	0.000000000327916070957554000000
30.5000	0.000000000415628062217440000000
31.0000	0.000000000513722841509131000000
31.5000	0.000000000620406785789134000000
32.0000	0.000000000733361579709861000000
32.5000	0.000000000849817655105350000000
33.0000	0.000000000966634570716992000000
33.5000	0.000000001080385582356930000000
34.0000	0.000000001187443371011410000000
34.5000	0.000000001284063747926880000000
35.0000	0.000000001367412331912300000000
35.5000	0.000000001435544071843070000000
36.0000	0.000000001487365940832710000000
36.5000	0.000000001522584236113750000000
37.0000	0.000000001541638516532200000000
37.5000	0.000000001545624682156390000000
38.0000	0.000000001536210056204900000000
38.5000	0.000000001515543583960990000000
39.0000	0.000000001486164418627080000000
39.5000	0.000000001450912201133670000000
40.0000	0.000000001412842230383530000000
40.5000	0.000000001374633030646320000000
41.0000	0.000000001338583968374500000000
41.5000	0.000000001306620539402820000000
42.0000	0.000000001280306286128270000000
42.5000	0.000000001260860062982000000000
43.0000	0.000000001249177251057150000000
43.5000	0.000000001245853517390060000000
44.0000	0.000000001251209793646900000000
44.5000	0.000000001265317284071540000000
45.0000	0.000000001288021483959870000000
45.5000	0.000000001318964388855690000000
46.0000	0.000000001357698435226440000000
46.5000	0.000000001403690921965970000000
47.0000	0.000000001456329268440650000000
47.5000	0.000000001514927436271540000000
48.0000	0.000000001578733805651950000000
48.5000	0.000000001646940699011300000000
49.0000	0.000000001718695594042290000000
49.5000	0.000000001793113887807940000000
50.0000	0.000000001872545591826180000000
50.5000	0.000000001955700381068260000000
51.0000	0.000000002041355012361510000000
51.5000	0.000000002128368689043310000000
52.0000	0.000000002215696846065210000000
52.5000	0.000000002302402952085690000000
53.0000	0.000000002387668021543710000000
53.5000	0.000000002470797635070230000000
54.0000	0.000000002551226375128370000000
54.5000	0.000000002628519692324520000000
55.0000	0.000000002702373322442510000000
55.5000	0.000000002766105076202140000000
56.0000	0.000000002820429523879420000000
56.5000	0.000000002866066780875820000000
57.0000	0.000000002903733439746530000000
57.5000	0.000000002934133944223190000000
58.0000	0.000000002957952562451590000000
58.5000	0.000000002975846070888600000000
59.0000	0.000000002988437222555920000000
59.5000	0.000000002996309045769860000000
60.0000	0.000000002999999999999990000000
60.5000	0.000000002999999999999990000000
61.0000	0.000000002999999999999990000000
61.5000	0.000000002999999999999990000000
62.0000	0.000000002999999999999990000000
62.5000	0.000000002999999999999990000000
63.0000	0.000000002999999999999990000000
63.5000	0.000000002999999999999990000000
64.0000	0.000000002999999999999990000000
64.5000	0.000000002999999999999990000000
65.0000	0.000000002999999999999990000000
65.5000	0.000000002999999999999990000000
66.0000	0.000000002999999999999990000000
66.5000	0.000000002999999999999990000000
67.0000	0.000000002999999999999990000000
67.5000	0.000000002999999999999990000000
68.0000	0.000000002999999999999990000000
68.5000	0.000000002999999999999990000000
69.0000	0.000000002999999999999990000000
69.5000	0.000000002999999999999990000000
70.0000	0.000000003000000000000000000000
70.5000	0.000000003000000000000000000000
71.0000	0.000000003000000000000000000000
71.5000	0.000000003000000000000000000000
400.0000	0.000000003000000000000000000000