0.0000	0.3187830000
0.2000	0.3199000000
0.4000	0.3210170000
0.6000	0.3221340000
0.8000	0.3232510000
1.0000	0.3243680000
1.2000	0.3254850000
1.4000	0.3266020000
1.6000	0.3277190000
1.8000	0.3288360000
2.0000	0.3299530000
2.2000	0.3310720000
2.4000	0.3322360000
2.6000	0.3334920000
2.8000	0.3348420000
3.0000	0.3362830000
3.2000	0.3378110000
3.4000	0.3394240000
3.6000	0.3411200000
3.8000	0.3428960000
4.0000	0.3447500000
4.2000	0.3466780000
4.4000	0.3486790000
4.6000	0.3507490000
4.8000	0.3528860000
5.0000	0.3550860000
5.2000	0.3573470000
5.4000	0.3596670000
5.6000	0.3620410000
5.8000	0.3644690000
6.0000	0.3669450000
6.2000	0.3694690000
6.4000	0.3720360000
6.6000	0.3746450000
6.8000	0.3772930000
7.0000	0.3799760000
7.2000	0.3826920000
7.4000	0.3854390000
7.6000	0.3882140000
7.8000	0.3910150000
8.0000	0.3938390000
8.2000	0.3966840000
8.4000	0.3995470000
8.6000	0.4024260000
8.8000	0.4053190000
9.0000	0.4082240000
9.2000	0.4111390000
9.4000	0.4140610000
9.6000	0.4169880000
9.8000	0.4199190000
10.0000	0.4228520000
10.2000	0.4257850000
10.4000	0.4287160000
10.6000	0.4316430000
10.8000	0.4345650000
11.0000	0.4374800000
11.2000	0.4403870000
11.4000	0.4432840000
11.6000	0.4461690000
11.8000	0.4490420000
12.0000	0.4519010000
12.2000	0.4547440000
12.4000	0.4575710000
12.6000	0.4603790000
12.8000	0.4631690000
13.0000	0.4659390000
13.2000	0.4686870000
13.4000	0.4714140000
13.6000	0.4741170000
13.8000	0.4767970000
14.0000	0.4794510000
14.2000	0.4820800000
14.4000	0.4846830000
14.6000	0.4872580000
14.8000	0.4898060000
15.0000	0.4923240000
15.2000	0.4948140000
15.4000	0.4972740000
15.6000	0.4997030000
15.8000	0.5021020000
16.0000	0.5044690000
16.2000	0.5068050000
16.4000	0.5091070000
16.6000	0.5113730000
16.8000	0.5136550000
17.0000	0.5159970000
17.2000	0.5181260000
17.4000	0.5199880000
17.6000	0.5216710000
17.8000	0.5232240000
18.0000	0.5246760000
18.2000	0.5260480000
18.4000	0.5273540000
18.6000	0.5286040000
18.8000	0.5298080000
19.0000	0.5309730000
19.2000	0.5321030000
19.4000	0.5332040000
19.6000	0.5342780000
19.8000	0.5353290000
20.0000	0.5363590000
20.2000	0.5373710000
20.4000	0.5383670000
20.6000	0.5393480000
20.8000	0.5403150000
21.0000	0.5412700000
21.2000	0.5422140000
21.4000	0.5431470000
21.6000	0.5440720000
21.8000	0.5449880000
22.0000	0.5458960000
22.2000	0.5467970000
22.4000	0.5476910000
22.6000	0.5485790000
22.8000	0.5494620000
23.0000	0.5503390000
23.2000	0.5512110000
23.4000	0.5520790000
23.6000	0.5529420000
23.8000	0.5538010000
24.0000	0.5546570000
24.2000	0.5555090000
24.4000	0.5563580000
24.6000	0.5572040000
24.8000	0.5580480000
25.0000	0.5588880000
25.2000	0.5597260000
25.4000	0.5605620000
25.6000	0.5613960000
25.8000	0.5622270000
26.0000	0.5630570000
26.2000	0.5638850000
26.4000	0.5647110000
26.6000	0.5655350000
26.8000	0.5663580000
27.0000	0.5671790000
27.2000	0.5680000000
27.4000	0.5688180000
27.6000	0.5696360000
27.8000	0.5704530000
28.0000	0.5712680000
28.2000	0.5720820000
28.4000	0.5728960000
28.6000	0.5737080000
28.8000	0.5745200000
29.0000	0.5753310000
29.2000	0.5761410000
29.4000	0.5769500000
29.6000	0.5777590000
29.8000	0.5785660000
30.0000	0.5793740000
30.2000	0.5801800000
30.4000	0.5809860000
30.6000	0.5817920000
30.8000	0.5825970000
31.0000	0.5834020000
31.2000	0.5842060000
31.4000	0.5850090000
31.6000	0.5858130000
31.8000	0.5866150000
32.0000	0.5874180000
32.2000	0.5882200000
32.4000	0.5890220000
32.6000	0.5898230000
32.8000	0.5906240000
33.0000	0.5914250000
33.2000	0.5922250000
33.4000	0.5930250000
33.6000	0.5938250000
33.8000	0.5946250000
34.0000	0.5954240000
34.2000	0.5962230000
34.4000	0.5970220000
34.6000	0.5978210000
34.8000	0.5986190000
35.0000	0.5994170000
35.2000	0.6002150000
35.4000	0.6010130000
35.6000	0.6018110000
35.8000	0.6026080000
36.0000	0.6034050000
36.2000	0.6042020000
36.4000	0.6049990000
36.6000	0.6057960000
36.8000	0.6065920000
37.0000	0.6073890000
37.2000	0.6081850000
37.4000	0.6089810000
37.6000	0.6097770000
37.8000	0.6105730000
38.0000	0.6113680000
38.2000	0.6121640000
38.4000	0.6129590000
38.6000	0.6137540000
38.8000	0.6145490000
39.0000	0.6153440000
39.2000	0.6161390000
39.4000	0.6169330000
39.6000	0.6177280000
39.8000	0.6185220000
40.0000	0.6193160000
40.2000	0.6201100000
40.4000	0.6209040000
40.6000	0.6216980000
40.8000	0.6224910000
41.0000	0.6232850000
41.2000	0.6240780000
41.4000	0.6248710000
41.6000	0.6256640000
41.8000	0.6264570000
42.0000	0.6272500000
42.2000	0.6280420000
42.4000	0.6288350000
42.6000	0.6296270000
42.8000	0.6304190000
43.0000	0.6312110000
43.2000	0.6320030000
43.4000	0.6327950000
43.6000	0.6335860000
43.8000	0.6343780000
44.0000	0.6351690000
44.2000	0.6359600000
44.4000	0.6367510000
44.6000	0.6375420000
44.8000	0.6383320000
45.0000	0.6391230000
45.2000	0.6399130000
45.4000	0.6407030000
45.6000	0.6414930000
45.8000	0.6422830000
46.0000	0.6430720000
46.2000	0.6438620000
46.4000	0.6446510000
46.6000	0.6454400000
46.8000	0.6462290000
47.0000	0.6470170000
47.2000	0.6478060000
47.4000	0.6485940000
47.6000	0.6493820000
47.8000	0.6501700000
48.0000	0.6509580000
48.2000	0.6517450000
48.4000	0.6525330000
48.6000	0.6533200000
48.8000	0.6541070000
49.0000	0.6548930000
49.2000	0.6556800000
49.4000	0.6564660000
49.6000	0.6572520000
49.8000	0.6580380000
50.0000	0.6588240000
50.2000	0.6596090000
50.4000	0.6603940000
50.6000	0.6611790000
50.8000	0.6619640000
51.0000	0.6627480000
51.2000	0.6635320000
51.4000	0.6643170000
51.6000	0.6651000000
51.8000	0.6658840000
52.0000	0.6666670000
52.2000	0.6674500000
52.4000	0.6682330000
52.6000	0.6690150000
52.8000	0.6697980000
53.0000	0.6705800000
53.2000	0.6713620000
53.4000	0.6721430000
53.6000	0.6729240000
53.8000	0.6737050000
54.0000	0.6744860000
54.2000	0.6752660000
54.4000	0.6760460000
54.6000	0.6768260000
54.8000	0.6776060000
55.0000	0.6783850000
55.2000	0.6791640000
55.4000	0.6799430000
55.6000	0.6807210000
55.8000	0.6814990000
56.0000	0.6822770000
56.2000	0.6830550000
56.4000	0.6838320000
56.6000	0.6846090000
56.8000	0.6853860000
57.0000	0.6861620000
57.2000	0.6869380000
57.4000	0.6877140000
57.6000	0.6884890000
57.8000	0.6892640000
58.0000	0.6900390000
58.2000	0.6908130000
58.4000	0.6915870000
58.6000	0.6923610000
58.8000	0.6931340000
59.0000	0.6939080000
59.2000	0.6946800000
59.4000	0.6954530000
59.6000	0.6962250000
59.8000	0.6969970000
60.0000	0.6977680000
60.2000	0.6985390000
60.4000	0.6993100000
60.6000	0.7000800000
60.8000	0.7008500000
61.0000	0.7016190000
61.2000	0.7023890000
61.4000	0.7031580000
61.6000	0.7039260000
61.8000	0.7046940000
62.0000	0.7054620000
62.2000	0.7062290000
62.4000	0.7069960000
62.6000	0.7077630000
62.8000	0.7085290000
63.0000	0.7092950000
63.2000	0.7100600000
63.4000	0.7108250000
63.6000	0.7115900000
63.8000	0.7123540000
64.0000	0.7131180000
64.2000	0.7138820000
64.4000	0.7146450000
64.6000	0.7154070000
64.8000	0.7161700000
65.0000	0.7169320000
65.2000	0.7176930000
65.4000	0.7184540000
65.6000	0.7192150000
65.8000	0.7199750000
66.0000	0.7207340000
66.2000	0.7214940000
66.4000	0.7222530000
66.6000	0.7230110000
66.8000	0.7237690000
67.0000	0.7245270000
67.2000	0.7252840000
67.4000	0.7260410000
67.6000	0.7267970000
67.8000	0.7275530000
68.0000	0.7283080000
68.2000	0.7290630000
68.4000	0.7298180000
68.6000	0.7305720000
68.8000	0.7313250000
69.0000	0.7320790000
69.2000	0.7328310000
69.4000	0.7335840000
69.6000	0.7343350000
69.8000	0.7350860000
70.0000	0.7358370000
70.2000	0.7365880000
70.4000	0.7373380000
70.6000	0.7380870000
70.8000	0.7388360000
71.0000	0.7395840000
71.2000	0.7403320000
71.4000	0.7410800000
71.6000	0.7418270000
71.8000	0.7425730000
72.0000	0.7433190000
72.2000	0.7440650000
72.4000	0.7448100000
72.6000	0.7455540000
72.8000	0.7462980000
73.0000	0.7470420000
73.2000	0.7477840000
73.4000	0.7485270000
73.6000	0.7492690000
73.8000	0.7500110000
74.0000	0.7507510000
74.2000	0.7514920000
74.4000	0.7522320000
74.6000	0.7529710000
74.8000	0.7537100000
75.0000	0.7544480000
75.2000	0.7551860000
75.4000	0.7559240000
75.6000	0.7566600000
75.8000	0.7573970000
76.0000	0.7581320000
76.2000	0.7588670000
76.4000	0.7596020000
76.6000	0.7603360000
76.8000	0.7610690000
77.0000	0.7618020000
77.2000	0.7625350000
77.4000	0.7632660000
77.6000	0.7639980000
77.8000	0.7647280000
78.0000	0.7654580000
78.2000	0.7661880000
78.4000	0.7669170000
78.6000	0.7676460000
78.8000	0.7683730000
79.0000	0.7691010000
79.2000	0.7698280000
79.4000	0.7705540000
79.6000	0.7712800000
79.8000	0.7720050000
80.0000	0.7727300000
80.2000	0.7734540000
80.4000	0.7741770000
80.6000	0.7749000000
80.8000	0.7756220000
81.0000	0.7763440000
81.2000	0.7770650000
81.4000	0.7777850000
81.6000	0.7785050000
81.8000	0.7792250000
82.0000	0.7799430000
82.2000	0.7806610000
82.4000	0.7813790000
82.6000	0.7820960000
82.8000	0.7828120000
83.0000	0.7835280000
83.2000	0.7842430000
83.4000	0.7849580000
83.6000	0.7856710000
83.8000	0.7863850000
84.0000	0.7870970000
84.2000	0.7878090000
84.4000	0.7885210000
84.6000	0.7892320000
84.8000	0.7899420000
85.0000	0.7906510000
85.2000	0.7913600000
85.4000	0.7920690000
85.6000	0.7927760000
85.8000	0.7934830000
86.0000	0.7941900000
86.2000	0.7948960000
86.4000	0.7956010000
86.6000	0.7963050000
86.8000	0.7970090000
87.0000	0.7977120000
87.2000	0.7984150000
87.4000	0.7991170000
87.6000	0.7998180000
87.8000	0.8005190000
88.0000	0.8012190000
88.2000	0.8019180000
88.4000	0.8026170000
88.6000	0.8033150000
88.8000	0.8040130000
89.0000	0.8047090000
89.2000	0.8054050000
89.4000	0.8061010000
89.6000	0.8067960000
89.8000	0.8074900000
90.0000	0.8081830000
90.2000	0.8088760000
90.4000	0.8095680000
90.6000	0.8102600000
90.8000	0.8109510000
91.0000	0.8116410000
91.2000	0.8123300000
91.4000	0.8130190000
91.6000	0.8137070000
91.8000	0.8143950000
92.0000	0.8150810000
92.2000	0.8157670000
92.4000	0.8164530000
92.6000	0.8171370000
92.8000	0.8178210000
93.0000	0.8185050000
93.2000	0.8191870000
93.4000	0.8198690000
93.6000	0.8205510000
93.8000	0.8212310000
94.0000	0.8219110000
94.2000	0.8225900000
94.4000	0.8232690000
94.6000	0.8239470000
94.8000	0.8246240000
95.0000	0.8253000000
95.2000	0.8259760000
95.4000	0.8266510000
95.6000	0.8273250000
95.8000	0.8279990000
96.0000	0.8286720000
96.2000	0.8293440000
96.4000	0.8300150000
96.6000	0.8306860000
96.8000	0.8313560000
97.0000	0.8320250000
97.2000	0.8326940000
97.4000	0.8333620000
97.6000	0.8340290000
97.8000	0.8346960000
98.0000	0.8353610000
98.2000	0.8360260000
98.4000	0.8366910000
98.6000	0.8373540000
98.8000	0.8380180000
99.0000	0.8386840000
99.2000	0.8392890000
99.4000	0.8397870000
99.6000	0.8402720000
99.8000	0.8407580000
100.0000	0.8412420000
100.2000	0.8417250000
100.4000	0.8422050000
100.6000	0.8426840000
100.8000	0.8431620000
101.0000	0.8436370000
101.2000	0.8441110000
101.4000	0.8445830000
101.6000	0.8450530000
101.8000	0.8455220000
102.0000	0.8459890000
102.2000	0.8464530000
102.4000	0.8469160000
102.6000	0.8473770000
102.8000	0.8478370000
103.0000	0.8482940000
103.2000	0.8487500000
103.4000	0.8492040000
103.6000	0.8496550000
103.8000	0.8501050000
104.0000	0.8505530000
104.2000	0.8510000000
104.4000	0.8514440000
104.6000	0.8518860000
104.8000	0.8523270000
105.0000	0.8527650000
105.2000	0.8532020000
105.4000	0.8536370000
105.6000	0.8540700000
105.8000	0.8545000000
106.0000	0.8549290000
106.2000	0.8553560000
106.4000	0.8557810000
106.6000	0.8562040000
106.8000	0.8566250000
107.0000	0.8570450000
107.2000	0.8574620000
107.4000	0.8578770000
107.6000	0.8582900000
107.8000	0.8587020000
108.0000	0.8591110000
108.2000	0.8595180000
108.4000	0.8599230000
108.6000	0.8603270000
108.8000	0.8607280000
109.0000	0.8611270000
109.2000	0.8615250000
109.4000	0.8619200000
109.6000	0.8623140000
109.8000	0.8627050000
110.0000	0.8630940000
110.2000	0.8634820000
110.4000	0.8638670000
110.6000	0.8642510000
110.8000	0.8646320000
111.0000	0.8650120000
111.2000	0.8653890000
111.4000	0.8657640000
111.6000	0.8661380000
111.8000	0.8665090000
112.0000	0.8668790000
112.2000	0.8672460000
112.4000	0.8676120000
112.6000	0.8679750000
112.8000	0.8683370000
113.0000	0.8686960000
113.2000	0.8690540000
113.4000	0.8694090000
113.6000	0.8697630000
113.8000	0.8701140000
114.0000	0.8704640000
114.2000	0.8708120000
114.4000	0.8711570000
114.6000	0.8715010000
114.8000	0.8718430000
115.0000	0.8721830000
115.2000	0.8725200000
115.4000	0.8728560000
115.6000	0.8731900000
115.8000	0.8735220000
116.0000	0.8738520000
116.2000	0.8741800000
116.4000	0.8745060000
116.6000	0.8748300000
116.8000	0.8751530000
117.0000	0.8754730000
117.2000	0.8757910000
117.4000	0.8761080000
117.6000	0.8764220000
117.8000	0.8767350000
118.0000	0.8770460000
118.2000	0.8773550000
118.4000	0.8776620000
118.6000	0.8779670000
118.8000	0.8782700000
119.0000	0.8785710000
119.2000	0.8788710000
119.4000	0.8791680000
119.6000	0.8794640000
119.8000	0.8797580000
400.0000	0.9170000000