0.0000	0.000000000000000000000000000000
0.5000	0.000000000000000000000000000000
1.0000	0.000000000000000000000000000000
1.5000	0.000000000000000000000000000000
2.0000	0.000000000000000000000000000000
2.5000	0.000000000000000000000000000000
3.0000	0.000000000000000000000000000000
3.5000	0.000000000000000000000000000000
4.0000	0.000000000000000000000000000000
4.5000	0.000000000000000000000000000000
5.0000	0.000000000000000000000000000000
5.5000	0.000000000000000000000000000000
6.0000	0.000000000000000000000000000000
6.5000	0.000000000000000000000000000000
7.0000	0.000000000000000000000000000000
7.5000	0.000000000000000000000000000000
8.0000	0.000000000000000000000000000000
8.5000	0.000000000000000000000000000000
9.0000	0.000000000000000000000000000000
9.5000	0.000000000000000000000000000000
10.0000	0.000000000000000000000000000000
10.5000	0.000000000000000000000000000000
11.0000	0.000000000000000000000000000000
11.5000	0.000000000000000000000000000000
12.0000	0.000000000000000000000000000000
12.5000	0.000000000000000000000000000000
13.0000	0.000000000000000000000000000000
13.5000	0.000000000000000000000000000000
14.0000	0.000000000000000000000000000000
14.5000	0.000000000000000000000000000000
15.0000	0.000000000000000000000000000000
15.5000	0.000000000000000000000000000000
16.0000	0.000000000000000000000000000000
16.5000	0.000000000000000000000000000000
17.0000	0.000000000000000000000000000000
17.5000	0.000000000000000000000000000000
18.0000	0.000000000000000000000000000000
18.5000	0.000000000000000000000000000000
19.0000	0.000000000000000000000000000000
19.5000	0.000000000000000000000000000000
20.0000	0.000000000000000000000000000000
20.5000	0.000000000000000000000000000000
21.0000	0.000000000000000000000000000000
21.5000	0.000000000000000000000000000000
22.0000	0.000000000000000000000000000000
22.5000	0.000000000000000000000000000000
23.0000	0.000000000000000000000000000000
23.5000	0.000000000000000000000000000000
24.0000	0.000000000000000000000000000000
24.5000	0.000000000000000000000000000000
25.0000	0.000000000000000000000000000000
25.5000	0.000000000000000000000000000000
26.0000	0.000000000000000000000000000000
26.5000	0.000000000000000000000000000000
27.0000	0.000000000000000000000000000000
27.5000	0.000000000000000000000000000000
28.0000	0.000000000000000000000000000000
28.5000	0.000000000000000000000000000000
29.0000	0.000000000000000000000000000000
29.5000	0.000000000000000000000000000000
30.0000	0.000000000000000000000000000000
30.5000	0.000000000000000000000000000000
31.0000	0.000000000000000000000000000000
31.5000	0.000000000000000000000000000000
32.0000	0.000000000000000000000000000000
32.5000	0.000000000000000000000000000000
33.0000	0.000000000000000000000000000000
33.5000	0.000000000000000000000000000000
34.0000	0.000000000000000000000000000000
34.5000	0.000000000000000000000000000000
35.0000	0.000000000000000000000000000000
35.5000	0.000000000000000000000000000000
36.0000	0.000000000000000000000000000000
36.5000	0.000000000000000000000000000000
37.0000	0.000000000000000000000000000000
37.5000	0.000000000000000000000000000000
38.0000	0.000000000000000000000000000000
38.5000	0.000000000000000000000000000000
39.0000	0.000000000000000000000000000000
39.5000	0.000000000000000000000000000000
40.0000	0.000000000000000000000000000000
40.5000	0.000000000000000000000000000000
41.0000	0.000000000000000000000000000000
41.5000	0.000000000000000000000000000000
42.0000	0.000000000000000000000000000000
42.5000	0.000000000000000000000000000000
43.0000	0.000000000000000000000000000000
43.5000	0.000000000000000000000000000000
44.0000	0.000000000000000000000000000000
44.5000	0.000000000000000000000000000000
45.0000	0.000000000000000000000000000000
45.5000	0.000000000000000000000000000000
46.0000	0.000000000000000000000000000000
46.5000	0.000000000000000000000000000000
47.0000	0.000000000000000000000000000000
47.5000	0.000000000000000000000000000000
48.0000	0.000000000000000000000000000000
48.5000	0.000000000000000000000000000000
49.0000	0.000000000000000000000000000000
49.5000	0.000000000000000000000000000000
50.0000	0.000000000000000000000000000000
50.5000	0.000000000000000000000000000000
51.0000	0.000000000000000000000000000000
51.5000	0.000000000000000000000000000000
52.0000	0.000000000000000000000000000000
52.5000	0.000000000000000000000000000000
53.0000	0.000000000000000000000000000000
53.5000	0.000000000000000000000000000000
54.0000	0.000000000000000000000000000000
54.5000	0.000000000000000000000000000000
55.0000	0.000000000000000000000000000000
55.5000	0.000000000000000000000000000000
56.0000	0.000000000000000000000000000000
56.5000	0.000000000000000000000000000000
57.0000	0.000000000000000000000000000000
57.5000	0.000000000000000000000000000000
58.0000	0.000000000000000000000000000000
58.5000	0.000000000000000000000000000000
59.0000	0.000000000000000000000000000000
59.5000	0.000000000000000000000000000000
60.0000	0.000000000000000000000000000000
60.5000	0.000000000000000000000000000000
61.0000	0.000000000000000000000000000000
61.5000	0.000000000000000000000000000000
62.0000	0.000000000000000000000000000000
62.5000	0.000000000000000000000000000000
63.0000	0.000000000000000000000000000000
63.5000	0.000000000000000000000000000000
64.0000	0.000000000000000000000000000000
64.5000	0.000000000000000000000000000000
65.0000	0.000000000000000000000000000000
65.5000	0.000000000000000000000000000000
66.0000	0.000000000000000000000000000000
66.5000	0.000000000000000000000000000000
67.0000	0.000000000000000000000000000000
67.5000	0.000000000000000000000000000000
68.0000	0.000000000000000000000000000000
68.5000	0.000000000000000000000000000000
69.0000	0.000000000000000000000000000000
69.5000	0.000000000000000000000000000000
70.0000	0.000000000000000000000000000000
70.5000	0.000000000000000000000000000000
71.0000	0.000000000000000000000000000000
71.5000	0.000000000000000000000000000000
72.0000	0.000000000000000000000000000000
72.5000	0.000000000000000000000000000000
73.0000	0.000000000000000000000000000000
73.5000	0.000000000000000000000000000000
74.0000	0.000000000000000000000000000000
74.5000	0.000000000000000000000000000000
75.0000	0.000000000000000000000000000000
75.5000	0.000000000000000000000000000000
76.0000	0.000000000000000000000000000000
76.5000	0.000000000000000000000000000000
77.0000	0.000000000000000000000000000000
77.5000	0.000000000000000000000000000000
78.0000	0.000000000000000000000000000000
78.5000	0.000000000000000000000000000000
79.0000	0.000000000000000000000000000000
79.5000	0.000000000000000000000000000000
80.0000	0.000000000000000000000000000000
80.5000	0.000000000000000000000000000000
81.0000	0.000000000000000000000000000000
81.5000	0.000000000000000000000000000000
82.0000	0.000000000000000000000000000000
82.5000	0.000000000000000000000000000000
83.0000	0.000000000005259203610000000000
83.5000	0.000000000021036814400000000000
84.0000	0.000000000052592036100000000000
84.5000	0.000000000105184072000000000000
85.0000	0.000000000184072126000000000000
85.5000	0.000000000294515402000000000000
86.0000	0.000000000441773103000000000000
86.5000	0.000000000631104433000000000000
87.0000	0.000000000867768595000000000000
87.5000	0.000000001157024790000000000000
88.0000	0.000000001504132230000000000000
88.5000	0.000000001898572500000000000000
89.0000	0.000000002329827200000000000000
89.5000	0.000000002787377910000000000000
90.0000	0.000000003260706240000000000000
90.5000	0.000000003739293760000000000000
91.0000	0.000000004212622090000000000000
91.5000	0.000000004670172800000000000000
92.0000	0.000000005101427500000000000000
92.5000	0.000000005495867770000000000000
93.0000	0.000000005842975210000000000000
93.5000	0.000000006132231400000000000000
94.0000	0.000000006368895570000000000000
94.5000	0.000000006558226900000000000000
95.0000	0.000000006705484600000000000000
95.5000	0.000000006815927870000000000000
96.0000	0.000000006894815930000000000000
96.5000	0.000000006947407960000000000000
97.0000	0.000000006978963190000000000000
97.5000	0.000000006994740800000000000000
98.0000	0.000000007000000000000000000000
98.5000	0.000000007000000000000000000000
99.0000	0.000000007000000000000000000000
99.5000	0.000000007000000000000000000000
100.0000	0.000000007000000000000000000000
100.5000	0.000000007000000000000000000000
101.0000	0.000000007000000000000000000000
101.5000	0.000000007000000000000000000000
102.0000	0.000000007000000000000000000000
102.5000	0.000000007000000000000000000000
103.0000	0.000000007000000000000000000000
103.5000	0.000000007000000000000000000000
104.0000	0.000000007000000000000000000000
104.5000	0.000000007000000000000000000000
105.0000	0.000000007000000000000000000000
105.5000	0.000000007000000000000000000000
106.0000	0.000000007000000000000000000000
106.5000	0.000000007000000000000000000000
107.0000	0.000000007000000000000000000000
107.5000	0.000000007000000000000000000000
108.0000	0.000000007000000000000000000000
108.5000	0.000000007000000000000000000000
109.0000	0.000000007000000000000000000000
109.5000	0.000000007000000000000000000000
110.0000	0.000000007000000000000000000000
110.5000	0.000000007000000000000000000000
111.0000	0.000000007000000000000000000000
111.5000	0.000000007000000000000000000000
112.0000	0.000000007000000000000000000000
112.5000	0.000000007000000000000000000000
113.0000	0.000000007000000000000000000000
113.5000	0.000000007000000000000000000000
114.0000	0.000000007000000000000000000000
114.5000	0.000000007000000000000000000000
115.0000	0.000000007000000000000000000000
115.5000	0.000000007000000000000000000000
116.0000	0.000000007000000000000000000000
116.5000	0.000000007000000000000000000000
117.0000	0.000000007000000000000000000000
117.5000	0.000000007000000000000000000000
118.0000	0.000000007000000000000000000000
118.5000	0.000000007000000000000000000000
119.0000	0.000000007000000000000000000000
119.5000	0.000000007000000000000000000000
120.0000	0.000000007000000000000000000000
120.5000	0.000000007000000000000000000000
121.0000	0.000000007000000000000000000000
121.5000	0.000000007000000000000000000000
122.0000	0.000000007000000000000000000000
122.5000	0.000000007000000000000000000000
123.0000	0.000000007000000000000000000000
123.5000	0.000000007000000000000000000000
124.0000	0.000000007000000000000000000000
124.5000	0.000000007000000000000000000000
125.0000	0.000000007000000000000000000000
125.5000	0.000000007000000000000000000000
126.0000	0.000000007000000000000000000000
126.5000	0.000000007000000000000000000000
127.0000	0.000000007000000000000000000000
127.5000	0.000000007000000000000000000000
128.0000	0.000000007000000000000000000000
128.5000	0.000000007000000000000000000000
129.0000	0.000000007000000000000000000000
129.5000	0.000000007000000000000000000000
130.0000	0.000000007000000000000000000000
400.0000	0.000000000000000000000000000000