0.0000	0.420000000000000000000000000000
0.2000	0.423000000000000000000000000000
0.4000	0.426000000000000000000000000000
0.6000	0.429000000000000000000000000000
0.8000	0.432100000000000000000000000000
1.0000	0.435100000000000000000000000000
1.2000	0.438100000000000000000000000000
1.4000	0.441100000000000000000000000000
1.6000	0.444200000000000000000000000000
1.8000	0.447200000000000000000000000000
2.0000	0.450200000000000000000000000000
2.2000	0.453200000000000000000000000000
2.4000	0.456300000000000000000000000000
2.6000	0.459300000000000000000000000000
2.8000	0.462300000000000000000000000000
3.0000	0.465400000000000000000000000000
3.2000	0.468400000000000000000000000000
3.4000	0.471400000000000000000000000000
3.6000	0.474500000000000000000000000000
3.8000	0.477500000000000000000000000000
4.0000	0.480500000000000000000000000000
4.2000	0.483500000000000000000000000000
4.4000	0.486600000000000000000000000000
4.6000	0.489600000000000000000000000000
4.8000	0.492600000000000000000000000000
5.0000	0.495600000000000000000000000000
5.2000	0.498600000000000000000000000000
5.4000	0.501600000000000000000000000000
5.6000	0.504600000000000000000000000000
5.8000	0.507600000000000000000000000000
6.0000	0.510600000000000000000000000000
6.2000	0.513600000000000000000000000000
6.4000	0.516600000000000000000000000000
6.6000	0.519600000000000000000000000000
6.8000	0.522600000000000000000000000000
7.0000	0.525600000000000000000000000000
7.2000	0.528500000000000000000000000000
7.4000	0.531500000000000000000000000000
7.6000	0.534400000000000000000000000000
7.8000	0.537400000000000000000000000000
8.0000	0.540300000000000000000000000000
8.2000	0.543300000000000000000000000000
8.4000	0.546200000000000000000000000000
8.6000	0.549100000000000000000000000000
8.8000	0.552000000000000000000000000000
9.0000	0.554900000000000000000000000000
9.2000	0.557800000000000000000000000000
9.4000	0.560300000000000000000000000000
9.6000	0.561600000000000000000000000000
9.8000	0.562800000000000000000000000000
10.0000	0.564000000000000000000000000000
10.2000	0.565300000000000000000000000000
10.4000	0.566500000000000000000000000000
10.6000	0.567700000000000000000000000000
10.8000	0.568900000000000000000000000000
11.0000	0.570200000000000000000000000000
11.2000	0.571400000000000000000000000000
11.4000	0.572600000000000000000000000000
11.6000	0.573800000000000000000000000000
11.8000	0.575100000000000000000000000000
12.0000	0.576300000000000000000000000000
12.2000	0.577500000000000000000000000000
12.4000	0.578700000000000000000000000000
12.6000	0.579900000000000000000000000000
12.8000	0.581100000000000000000000000000
13.0000	0.582300000000000000000000000000
13.2000	0.583600000000000000000000000000
13.4000	0.584800000000000000000000000000
13.6000	0.586000000000000000000000000000
13.8000	0.587200000000000000000000000000
14.0000	0.588400000000000000000000000000
14.2000	0.589600000000000000000000000000
14.4000	0.590800000000000000000000000000
14.6000	0.592000000000000000000000000000
14.8000	0.593100000000000000000000000000
15.0000	0.594300000000000000000000000000
15.2000	0.595500000000000000000000000000
15.4000	0.596700000000000000000000000000
15.6000	0.597900000000000000000000000000
15.8000	0.599100000000000000000000000000
16.0000	0.600300000000000000000000000000
16.2000	0.601400000000000000000000000000
16.4000	0.602600000000000000000000000000
16.6000	0.603800000000000000000000000000
16.8000	0.605000000000000000000000000000
17.0000	0.606100000000000000000000000000
17.2000	0.607300000000000000000000000000
17.4000	0.608500000000000000000000000000
17.6000	0.609600000000000000000000000000
17.8000	0.610800000000000000000000000000
18.0000	0.612000000000000000000000000000
18.2000	0.613100000000000000000000000000
18.4000	0.614300000000000000000000000000
18.6000	0.615400000000000000000000000000
18.8000	0.616600000000000000000000000000
19.0000	0.617700000000000000000000000000
19.2000	0.618900000000000000000000000000
19.4000	0.620000000000000000000000000000
19.6000	0.621200000000000000000000000000
19.8000	0.622300000000000000000000000000
20.0000	0.623400000000000000000000000000
20.2000	0.624600000000000000000000000000
20.4000	0.625700000000000000000000000000
20.6000	0.626800000000000000000000000000
20.8000	0.628000000000000000000000000000
21.0000	0.629100000000000000000000000000
21.2000	0.630200000000000000000000000000
21.4000	0.631300000000000000000000000000
21.6000	0.632500000000000000000000000000
21.8000	0.633600000000000000000000000000
22.0000	0.634700000000000000000000000000
22.2000	0.635800000000000000000000000000
22.4000	0.636900000000000000000000000000
22.6000	0.638000000000000000000000000000
22.8000	0.639100000000000000000000000000
23.0000	0.640200000000000000000000000000
23.2000	0.641300000000000000000000000000
23.4000	0.642400000000000000000000000000
23.6000	0.643500000000000000000000000000
23.8000	0.644600000000000000000000000000
24.0000	0.645700000000000000000000000000
24.2000	0.646800000000000000000000000000
24.4000	0.647900000000000000000000000000
24.6000	0.649000000000000000000000000000
24.8000	0.650000000000000000000000000000
25.0000	0.651100000000000000000000000000
25.2000	0.652200000000000000000000000000
25.4000	0.653300000000000000000000000000
25.6000	0.654300000000000000000000000000
25.8000	0.655400000000000000000000000000
26.0000	0.656500000000000000000000000000
26.2000	0.657500000000000000000000000000
26.4000	0.658600000000000000000000000000
26.6000	0.659700000000000000000000000000
26.8000	0.660700000000000000000000000000
27.0000	0.661800000000000000000000000000
27.2000	0.662800000000000000000000000000
27.4000	0.663900000000000000000000000000
27.6000	0.664900000000000000000000000000
27.8000	0.665900000000000000000000000000
28.0000	0.667000000000000000000000000000
28.2000	0.668000000000000000000000000000
28.4000	0.669100000000000000000000000000
28.6000	0.670100000000000000000000000000
28.8000	0.671100000000000000000000000000
29.0000	0.672100000000000000000000000000
29.2000	0.673200000000000000000000000000
29.4000	0.674200000000000000000000000000
29.6000	0.675200000000000000000000000000
29.8000	0.676200000000000000000000000000
30.0000	0.677200000000000000000000000000
30.2000	0.678200000000000000000000000000
30.4000	0.679200000000000000000000000000
30.6000	0.680300000000000000000000000000
30.8000	0.681300000000000000000000000000
31.0000	0.682300000000000000000000000000
31.2000	0.683300000000000000000000000000
31.4000	0.684200000000000000000000000000
31.6000	0.685200000000000000000000000000
31.8000	0.686200000000000000000000000000
32.0000	0.687200000000000000000000000000
32.2000	0.688200000000000000000000000000
32.4000	0.689200000000000000000000000000
32.6000	0.690100000000000000000000000000
32.8000	0.691100000000000000000000000000
33.0000	0.692100000000000000000000000000
33.2000	0.693100000000000000000000000000
33.4000	0.694000000000000000000000000000
33.6000	0.695000000000000000000000000000
33.8000	0.696000000000000000000000000000
34.0000	0.696900000000000000000000000000
34.2000	0.697900000000000000000000000000
34.4000	0.698800000000000000000000000000
34.6000	0.699800000000000000000000000000
34.8000	0.700700000000000000000000000000
35.0000	0.701700000000000000000000000000
35.2000	0.702600000000000000000000000000
35.4000	0.703500000000000000000000000000
35.6000	0.704500000000000000000000000000
35.8000	0.705400000000000000000000000000
36.0000	0.706300000000000000000000000000
36.2000	0.707300000000000000000000000000
36.4000	0.708200000000000000000000000000
36.6000	0.709100000000000000000000000000
36.8000	0.710000000000000000000000000000
37.0000	0.711000000000000000000000000000
37.2000	0.711900000000000000000000000000
37.4000	0.712800000000000000000000000000
37.6000	0.713700000000000000000000000000
37.8000	0.714600000000000000000000000000
38.0000	0.715500000000000000000000000000
38.2000	0.716400000000000000000000000000
38.4000	0.717300000000000000000000000000
38.6000	0.718200000000000000000000000000
38.8000	0.719100000000000000000000000000
39.0000	0.720000000000000000000000000000
39.2000	0.720800000000000000000000000000
39.4000	0.721700000000000000000000000000
39.6000	0.722600000000000000000000000000
39.8000	0.723500000000000000000000000000
40.0000	0.724400000000000000000000000000
40.2000	0.725200000000000000000000000000
40.4000	0.726100000000000000000000000000
40.6000	0.727000000000000000000000000000
40.8000	0.727800000000000000000000000000
41.0000	0.728700000000000000000000000000
41.2000	0.729500000000000000000000000000
41.4000	0.730400000000000000000000000000
41.6000	0.731200000000000000000000000000
41.8000	0.732100000000000000000000000000
42.0000	0.732900000000000000000000000000
42.2000	0.733800000000000000000000000000
42.4000	0.734600000000000000000000000000
42.6000	0.735500000000000000000000000000
42.8000	0.736300000000000000000000000000
43.0000	0.737100000000000000000000000000
43.2000	0.738000000000000000000000000000
43.4000	0.738800000000000000000000000000
43.6000	0.739600000000000000000000000000
43.8000	0.740400000000000000000000000000
44.0000	0.741200000000000000000000000000
44.2000	0.742100000000000000000000000000
44.4000	0.742900000000000000000000000000
44.6000	0.743700000000000000000000000000
44.8000	0.744500000000000000000000000000
45.0000	0.745300000000000000000000000000
45.2000	0.746100000000000000000000000000
45.4000	0.746900000000000000000000000000
45.6000	0.747700000000000000000000000000
45.8000	0.748500000000000000000000000000
46.0000	0.749300000000000000000000000000
46.2000	0.750100000000000000000000000000
46.4000	0.750800000000000000000000000000
46.6000	0.751600000000000000000000000000
46.8000	0.752400000000000000000000000000
47.0000	0.753200000000000000000000000000
47.2000	0.753900000000000000000000000000
47.4000	0.754700000000000000000000000000
47.6000	0.755500000000000000000000000000
47.8000	0.756200000000000000000000000000
48.0000	0.757000000000000000000000000000
48.2000	0.757800000000000000000000000000
48.4000	0.758500000000000000000000000000
48.6000	0.759300000000000000000000000000
48.8000	0.760000000000000000000000000000
49.0000	0.760800000000000000000000000000
49.2000	0.761500000000000000000000000000
49.4000	0.762300000000000000000000000000
49.6000	0.763000000000000000000000000000
49.8000	0.763700000000000000000000000000
50.0000	0.764500000000000000000000000000
50.2000	0.765200000000000000000000000000
50.4000	0.765900000000000000000000000000
50.6000	0.766700000000000000000000000000
50.8000	0.767400000000000000000000000000
51.0000	0.768100000000000000000000000000
51.2000	0.768800000000000000000000000000
51.4000	0.769500000000000000000000000000
51.6000	0.770200000000000000000000000000
51.8000	0.771000000000000000000000000000
52.0000	0.771700000000000000000000000000
52.2000	0.772400000000000000000000000000
52.4000	0.773100000000000000000000000000
52.6000	0.773800000000000000000000000000
52.8000	0.774500000000000000000000000000
53.0000	0.775200000000000000000000000000
53.2000	0.775900000000000000000000000000
53.4000	0.776500000000000000000000000000
53.6000	0.777200000000000000000000000000
53.8000	0.777900000000000000000000000000
54.0000	0.778600000000000000000000000000
54.2000	0.779300000000000000000000000000
54.4000	0.779900000000000000000000000000
54.6000	0.780600000000000000000000000000
54.8000	0.781300000000000000000000000000
55.0000	0.782000000000000000000000000000
55.2000	0.782600000000000000000000000000
55.4000	0.783300000000000000000000000000
55.6000	0.783900000000000000000000000000
55.8000	0.784600000000000000000000000000
56.0000	0.785200000000000000000000000000
56.2000	0.785900000000000000000000000000
56.4000	0.786500000000000000000000000000
56.6000	0.787200000000000000000000000000
56.8000	0.787800000000000000000000000000
57.0000	0.788500000000000000000000000000
57.2000	0.789100000000000000000000000000
57.4000	0.789800000000000000000000000000
57.6000	0.790400000000000000000000000000
57.8000	0.791000000000000000000000000000
58.0000	0.791600000000000000000000000000
58.2000	0.792300000000000000000000000000
58.4000	0.792900000000000000000000000000
58.6000	0.793500000000000000000000000000
58.8000	0.794100000000000000000000000000
59.0000	0.794800000000000000000000000000
59.2000	0.795400000000000000000000000000
59.4000	0.796000000000000000000000000000
59.6000	0.796600000000000000000000000000
59.8000	0.797200000000000000000000000000
60.0000	0.797800000000000000000000000000
60.2000	0.798400000000000000000000000000
60.4000	0.799000000000000000000000000000
60.6000	0.799600000000000000000000000000
60.8000	0.800200000000000000000000000000
61.0000	0.800800000000000000000000000000
61.2000	0.801400000000000000000000000000
61.4000	0.801900000000000000000000000000
61.6000	0.802500000000000000000000000000
61.8000	0.803100000000000000000000000000
62.0000	0.803700000000000000000000000000
62.2000	0.804300000000000000000000000000
62.4000	0.804800000000000000000000000000
62.6000	0.805400000000000000000000000000
62.8000	0.806000000000000000000000000000
63.0000	0.806500000000000000000000000000
63.2000	0.807100000000000000000000000000
63.4000	0.807700000000000000000000000000
63.6000	0.808200000000000000000000000000
63.8000	0.808800000000000000000000000000
64.0000	0.809300000000000000000000000000
64.2000	0.809900000000000000000000000000
64.4000	0.810400000000000000000000000000
64.6000	0.811000000000000000000000000000
64.8000	0.811500000000000000000000000000
65.0000	0.812100000000000000000000000000
65.2000	0.812600000000000000000000000000
65.4000	0.813200000000000000000000000000
65.6000	0.813700000000000000000000000000
65.8000	0.814200000000000000000000000000
66.0000	0.814800000000000000000000000000
66.2000	0.815300000000000000000000000000
66.4000	0.815800000000000000000000000000
66.6000	0.816300000000000000000000000000
66.8000	0.816900000000000000000000000000
67.0000	0.817400000000000000000000000000
67.2000	0.817900000000000000000000000000
67.4000	0.818400000000000000000000000000
67.6000	0.818900000000000000000000000000
67.8000	0.819400000000000000000000000000
68.0000	0.819900000000000000000000000000
68.2000	0.820400000000000000000000000000
68.4000	0.820900000000000000000000000000
68.6000	0.821400000000000000000000000000
68.8000	0.821900000000000000000000000000
69.0000	0.822400000000000000000000000000
69.2000	0.822900000000000000000000000000
69.4000	0.823400000000000000000000000000
69.6000	0.823900000000000000000000000000
69.8000	0.824400000000000000000000000000
70.0000	0.824900000000000000000000000000
70.2000	0.825400000000000000000000000000
70.4000	0.825900000000000000000000000000
70.6000	0.826300000000000000000000000000
70.8000	0.826800000000000000000000000000
71.0000	0.827300000000000000000000000000
71.2000	0.827800000000000000000000000000
71.4000	0.828200000000000000000000000000
71.6000	0.828700000000000000000000000000
71.8000	0.829200000000000000000000000000
72.0000	0.829600000000000000000000000000
72.2000	0.830100000000000000000000000000
72.4000	0.830600000000000000000000000000
72.6000	0.831000000000000000000000000000
72.8000	0.831500000000000000000000000000
73.0000	0.831900000000000000000000000000
73.2000	0.832400000000000000000000000000
73.4000	0.832800000000000000000000000000
73.6000	0.833300000000000000000000000000
73.8000	0.833700000000000000000000000000
74.0000	0.834200000000000000000000000000
74.2000	0.834600000000000000000000000000
74.4000	0.835100000000000000000000000000
74.6000	0.835500000000000000000000000000
74.8000	0.835900000000000000000000000000
75.0000	0.836400000000000000000000000000
75.2000	0.836800000000000000000000000000
75.4000	0.837200000000000000000000000000
75.6000	0.837700000000000000000000000000
75.8000	0.838100000000000000000000000000
76.0000	0.838500000000000000000000000000
76.2000	0.838900000000000000000000000000
76.4000	0.839400000000000000000000000000
76.6000	0.839800000000000000000000000000
76.8000	0.840200000000000000000000000000
77.0000	0.840600000000000000000000000000
77.2000	0.841000000000000000000000000000
77.4000	0.841400000000000000000000000000
77.6000	0.841800000000000000000000000000
77.8000	0.842200000000000000000000000000
78.0000	0.842600000000000000000000000000
78.2000	0.843000000000000000000000000000
78.4000	0.843400000000000000000000000000
78.6000	0.843800000000000000000000000000
78.8000	0.844200000000000000000000000000
79.0000	0.844600000000000000000000000000
79.2000	0.845000000000000000000000000000
79.4000	0.845400000000000000000000000000
79.6000	0.845800000000000000000000000000
79.8000	0.846200000000000000000000000000
80.0000	0.846600000000000000000000000000
80.2000	0.847000000000000000000000000000
80.4000	0.847400000000000000000000000000
80.6000	0.847700000000000000000000000000
80.8000	0.848100000000000000000000000000
81.0000	0.848500000000000000000000000000
81.2000	0.848900000000000000000000000000
81.4000	0.849200000000000000000000000000
81.6000	0.849600000000000000000000000000
81.8000	0.850000000000000000000000000000
82.0000	0.850400000000000000000000000000
82.2000	0.850700000000000000000000000000
82.4000	0.851100000000000000000000000000
82.6000	0.851400000000000000000000000000
82.8000	0.851800000000000000000000000000
83.0000	0.852200000000000000000000000000
83.2000	0.852500000000000000000000000000
83.4000	0.852900000000000000000000000000
83.6000	0.853200000000000000000000000000
83.8000	0.853600000000000000000000000000
84.0000	0.853900000000000000000000000000
84.2000	0.854300000000000000000000000000
84.4000	0.854600000000000000000000000000
84.6000	0.855000000000000000000000000000
84.8000	0.855300000000000000000000000000
85.0000	0.855700000000000000000000000000
85.2000	0.856000000000000000000000000000
85.4000	0.856400000000000000000000000000
85.6000	0.856700000000000000000000000000
85.8000	0.857000000000000000000000000000
86.0000	0.857400000000000000000000000000
86.2000	0.857700000000000000000000000000
86.4000	0.858000000000000000000000000000
86.6000	0.858400000000000000000000000000
86.8000	0.858700000000000000000000000000
87.0000	0.859000000000000000000000000000
87.2000	0.859300000000000000000000000000
87.4000	0.859700000000000000000000000000
87.6000	0.860000000000000000000000000000
87.8000	0.860300000000000000000000000000
88.0000	0.860600000000000000000000000000
88.2000	0.860900000000000000000000000000
88.4000	0.861200000000000000000000000000
88.6000	0.861600000000000000000000000000
88.8000	0.861900000000000000000000000000
89.0000	0.862200000000000000000000000000
89.2000	0.862500000000000000000000000000
89.4000	0.862800000000000000000000000000
89.6000	0.863100000000000000000000000000
89.8000	0.863400000000000000000000000000
90.0000	0.863700000000000000000000000000
90.2000	0.864000000000000000000000000000
90.4000	0.864300000000000000000000000000
90.6000	0.864600000000000000000000000000
90.8000	0.864900000000000000000000000000
91.0000	0.865200000000000000000000000000
91.2000	0.865500000000000000000000000000
91.4000	0.865800000000000000000000000000
91.6000	0.866100000000000000000000000000
91.8000	0.866400000000000000000000000000
92.0000	0.866700000000000000000000000000
92.2000	0.867000000000000000000000000000
92.4000	0.867200000000000000000000000000
92.6000	0.867500000000000000000000000000
92.8000	0.867800000000000000000000000000
93.0000	0.868100000000000000000000000000
93.2000	0.868400000000000000000000000000
93.4000	0.868600000000000000000000000000
93.6000	0.868900000000000000000000000000
93.8000	0.869200000000000000000000000000
94.0000	0.869500000000000000000000000000
94.2000	0.869700000000000000000000000000
94.4000	0.870000000000000000000000000000
94.6000	0.870300000000000000000000000000
94.8000	0.870600000000000000000000000000
95.0000	0.870800000000000000000000000000
95.2000	0.871100000000000000000000000000
95.4000	0.871400000000000000000000000000
95.6000	0.871600000000000000000000000000
95.8000	0.871900000000000000000000000000
96.0000	0.872100000000000000000000000000
96.2000	0.872400000000000000000000000000
96.4000	0.872700000000000000000000000000
96.6000	0.872900000000000000000000000000
96.8000	0.873200000000000000000000000000
97.0000	0.873400000000000000000000000000
97.2000	0.873700000000000000000000000000
97.4000	0.873900000000000000000000000000
97.6000	0.874200000000000000000000000000
97.8000	0.874400000000000000000000000000
98.0000	0.874700000000000000000000000000
98.2000	0.874900000000000000000000000000
98.4000	0.875200000000000000000000000000
98.6000	0.875400000000000000000000000000
98.8000	0.875700000000000000000000000000
99.0000	0.875900000000000000000000000000
99.2000	0.876100000000000000000000000000
99.4000	0.876400000000000000000000000000
99.6000	0.876600000000000000000000000000
99.8000	0.876900000000000000000000000000
100.0000	0.877100000000000000000000000000
100.2000	0.877300000000000000000000000000
100.4000	0.877600000000000000000000000000
100.6000	0.877800000000000000000000000000
100.8000	0.878000000000000000000000000000
101.0000	0.878300000000000000000000000000
101.2000	0.878500000000000000000000000000
101.4000	0.878700000000000000000000000000
101.6000	0.878900000000000000000000000000
101.8000	0.879200000000000000000000000000
102.0000	0.879400000000000000000000000000
102.2000	0.879600000000000000000000000000
102.4000	0.879800000000000000000000000000
102.6000	0.880100000000000000000000000000
102.8000	0.880300000000000000000000000000
103.0000	0.880500000000000000000000000000
103.2000	0.880700000000000000000000000000
103.4000	0.880900000000000000000000000000
103.6000	0.881100000000000000000000000000
103.8000	0.881400000000000000000000000000
104.0000	0.881600000000000000000000000000
104.2000	0.881800000000000000000000000000
104.4000	0.882000000000000000000000000000
104.6000	0.882200000000000000000000000000
104.8000	0.882400000000000000000000000000
105.0000	0.882600000000000000000000000000
105.2000	0.882800000000000000000000000000
105.4000	0.883000000000000000000000000000
105.6000	0.883200000000000000000000000000
105.8000	0.883400000000000000000000000000
106.0000	0.883600000000000000000000000000
106.2000	0.883800000000000000000000000000
106.4000	0.884000000000000000000000000000
106.6000	0.884200000000000000000000000000
106.8000	0.884400000000000000000000000000
107.0000	0.884600000000000000000000000000
107.2000	0.884800000000000000000000000000
107.4000	0.885000000000000000000000000000
107.6000	0.885200000000000000000000000000
107.8000	0.885400000000000000000000000000
108.0000	0.885600000000000000000000000000
108.2000	0.885800000000000000000000000000
108.4000	0.886000000000000000000000000000
108.6000	0.886200000000000000000000000000
108.8000	0.886400000000000000000000000000
109.0000	0.886500000000000000000000000000
109.2000	0.886700000000000000000000000000
109.4000	0.886900000000000000000000000000
109.6000	0.887100000000000000000000000000
109.8000	0.887300000000000000000000000000
110.0000	0.887500000000000000000000000000
110.2000	0.887600000000000000000000000000
110.4000	0.887800000000000000000000000000
110.6000	0.888000000000000000000000000000
110.8000	0.888200000000000000000000000000
111.0000	0.888400000000000000000000000000
111.2000	0.888500000000000000000000000000
111.4000	0.888700000000000000000000000000
111.6000	0.888900000000000000000000000000
111.8000	0.889100000000000000000000000000
112.0000	0.889200000000000000000000000000
112.2000	0.889400000000000000000000000000
112.4000	0.889600000000000000000000000000
112.6000	0.889700000000000000000000000000
112.8000	0.889900000000000000000000000000
113.0000	0.890100000000000000000000000000
113.2000	0.890200000000000000000000000000
113.4000	0.890400000000000000000000000000
113.6000	0.890600000000000000000000000000
113.8000	0.890700000000000000000000000000
114.0000	0.890900000000000000000000000000
114.2000	0.891100000000000000000000000000
114.4000	0.891200000000000000000000000000
114.6000	0.891400000000000000000000000000
114.8000	0.891600000000000000000000000000
115.0000	0.891700000000000000000000000000
115.2000	0.891900000000000000000000000000
115.4000	0.892000000000000000000000000000
115.6000	0.892200000000000000000000000000
115.8000	0.892300000000000000000000000000
116.0000	0.892500000000000000000000000000
116.2000	0.892700000000000000000000000000
116.4000	0.892800000000000000000000000000
116.6000	0.893000000000000000000000000000
116.8000	0.893100000000000000000000000000
117.0000	0.893300000000000000000000000000
117.2000	0.893400000000000000000000000000
117.4000	0.893600000000000000000000000000
117.6000	0.893700000000000000000000000000
117.8000	0.893900000000000000000000000000
118.0000	0.894000000000000000000000000000
118.2000	0.894200000000000000000000000000
118.4000	0.894300000000000000000000000000
118.6000	0.894400000000000000000000000000
118.8000	0.894600000000000000000000000000
119.0000	0.894700000000000000000000000000
119.2000	0.894900000000000000000000000000
119.4000	0.895000000000000000000000000000
119.6000	0.895200000000000000000000000000
119.8000	0.895300000000000000000000000000
120.0000	0.895400000000000000000000000000
120.2000	0.895600000000000000000000000000
120.4000	0.895700000000000000000000000000
120.6000	0.895900000000000000000000000000
120.8000	0.896000000000000000000000000000
121.0000	0.896100000000000000000000000000
121.2000	0.896300000000000000000000000000
121.4000	0.896400000000000000000000000000
121.6000	0.896500000000000000000000000000
121.8000	0.896700000000000000000000000000
122.0000	0.896800000000000000000000000000
122.2000	0.896900000000000000000000000000
122.4000	0.897100000000000000000000000000
122.6000	0.897200000000000000000000000000
122.8000	0.897300000000000000000000000000
123.0000	0.897500000000000000000000000000
123.2000	0.897600000000000000000000000000
123.4000	0.897700000000000000000000000000
123.6000	0.897800000000000000000000000000
123.8000	0.898000000000000000000000000000
124.0000	0.898100000000000000000000000000
124.2000	0.898200000000000000000000000000
124.4000	0.898300000000000000000000000000
124.6000	0.898500000000000000000000000000
124.8000	0.898600000000000000000000000000
125.0000	0.898700000000000000000000000000
125.2000	0.898800000000000000000000000000
125.4000	0.898900000000000000000000000000
125.6000	0.899100000000000000000000000000
125.8000	0.899200000000000000000000000000
126.0000	0.899300000000000000000000000000
126.2000	0.899400000000000000000000000000
126.4000	0.899500000000000000000000000000
126.6000	0.899700000000000000000000000000
126.8000	0.899800000000000000000000000000
127.0000	0.899900000000000000000000000000
127.2000	0.900000000000000000000000000000
127.4000	0.900100000000000000000000000000
127.6000	0.900200000000000000000000000000
127.8000	0.900300000000000000000000000000
128.0000	0.900500000000000000000000000000
128.2000	0.900600000000000000000000000000
128.4000	0.900700000000000000000000000000
128.6000	0.900800000000000000000000000000
128.8000	0.900900000000000000000000000000
129.0000	0.901000000000000000000000000000
129.2000	0.901100000000000000000000000000
129.4000	0.901200000000000000000000000000
129.6000	0.901300000000000000000000000000
129.8000	0.901400000000000000000000000000
130.0000	0.901600000000000000000000000000
130.2000	0.901700000000000000000000000000
130.4000	0.901800000000000000000000000000
130.6000	0.901900000000000000000000000000
130.8000	0.902000000000000000000000000000
131.0000	0.902100000000000000000000000000
131.2000	0.902200000000000000000000000000
131.4000	0.902300000000000000000000000000
131.6000	0.902400000000000000000000000000
131.8000	0.902500000000000000000000000000
132.0000	0.902600000000000000000000000000
132.2000	0.902700000000000000000000000000
132.4000	0.902800000000000000000000000000
132.6000	0.902900000000000000000000000000
132.8000	0.903000000000000000000000000000
133.0000	0.903100000000000000000000000000
133.2000	0.903200000000000000000000000000
133.4000	0.903300000000000000000000000000
133.6000	0.903400000000000000000000000000
133.8000	0.903500000000000000000000000000
134.0000	0.903600000000000000000000000000
134.2000	0.903700000000000000000000000000
134.4000	0.903800000000000000000000000000
134.6000	0.903900000000000000000000000000
134.8000	0.904000000000000000000000000000
135.0000	0.904000000000000000000000000000
135.2000	0.904100000000000000000000000000
135.4000	0.904200000000000000000000000000
135.6000	0.904300000000000000000000000000
135.8000	0.904400000000000000000000000000
136.0000	0.904500000000000000000000000000
136.2000	0.904600000000000000000000000000
136.4000	0.904700000000000000000000000000
136.6000	0.904800000000000000000000000000
136.8000	0.904900000000000000000000000000
137.0000	0.905000000000000000000000000000
137.2000	0.905000000000000000000000000000
137.4000	0.905100000000000000000000000000
137.6000	0.905200000000000000000000000000
137.8000	0.905300000000000000000000000000
138.0000	0.905400000000000000000000000000
138.2000	0.905500000000000000000000000000
138.4000	0.905600000000000000000000000000
138.6000	0.905600000000000000000000000000
138.8000	0.905700000000000000000000000000
139.0000	0.905800000000000000000000000000
139.2000	0.905900000000000000000000000000
139.4000	0.906000000000000000000000000000
139.6000	0.906100000000000000000000000000
139.8000	0.906100000000000000000000000000
140.0000	0.906200000000000000000000000000
140.2000	0.906300000000000000000000000000
140.4000	0.906400000000000000000000000000
140.6000	0.906500000000000000000000000000
140.8000	0.906500000000000000000000000000
141.0000	0.906600000000000000000000000000
141.2000	0.906700000000000000000000000000
141.4000	0.906800000000000000000000000000
141.6000	0.906900000000000000000000000000
141.8000	0.906900000000000000000000000000
142.0000	0.907000000000000000000000000000
142.2000	0.907100000000000000000000000000
142.4000	0.907200000000000000000000000000
142.6000	0.907200000000000000000000000000
142.8000	0.907300000000000000000000000000
143.0000	0.907400000000000000000000000000
143.2000	0.907500000000000000000000000000
143.4000	0.907500000000000000000000000000
143.6000	0.907600000000000000000000000000
143.8000	0.907700000000000000000000000000
144.0000	0.907800000000000000000000000000
144.2000	0.907800000000000000000000000000
144.4000	0.907900000000000000000000000000
144.6000	0.908000000000000000000000000000
144.8000	0.908000000000000000000000000000
145.0000	0.908100000000000000000000000000
145.2000	0.908200000000000000000000000000
145.4000	0.908300000000000000000000000000
145.6000	0.908300000000000000000000000000
145.8000	0.908400000000000000000000000000
146.0000	0.908500000000000000000000000000
146.2000	0.908500000000000000000000000000
146.4000	0.908600000000000000000000000000
146.6000	0.908700000000000000000000000000
146.8000	0.908700000000000000000000000000
147.0000	0.908800000000000000000000000000
147.2000	0.908900000000000000000000000000
147.4000	0.908900000000000000000000000000
147.6000	0.909000000000000000000000000000
147.8000	0.909100000000000000000000000000
148.0000	0.909100000000000000000000000000
148.2000	0.909200000000000000000000000000
148.4000	0.909300000000000000000000000000
148.6000	0.909300000000000000000000000000
148.8000	0.909400000000000000000000000000
149.0000	0.909500000000000000000000000000
149.2000	0.909500000000000000000000000000
149.4000	0.909600000000000000000000000000
149.6000	0.909600000000000000000000000000
149.8000	0.909700000000000000000000000000
150.0000	0.909800000000000000000000000000
400.0000	0.920800000000000000000000000000