0.0000	0.879488870595500000000000000000
0.2500	0.879429903978500000000000000000
0.5000	0.878979788983500000000000000000
0.7500	0.877152320409100000000000000000
1.0000	0.874113583546500000000000000000
1.2500	0.870152031196300000000000000000
1.5000	0.865698948492700000000000000000
1.7500	0.860640506757100000000000000000
2.0000	0.856245320673300000000000000000
2.2500	0.851293809187500000000000000000
2.5000	0.845753644911200000000000000000
2.7500	0.839621117206600000000000000000
3.0000	0.832968780603900000000000000000
3.2500	0.825891269489400000000000000000
3.5000	0.818418486935400000000000000000
3.7500	0.810590475446600000000000000000
4.0000	0.802457888785600000000000000000
4.2500	0.794049734100100000000000000000
4.5000	0.785309075813600000000000000000
4.7500	0.776263422879500000000000000000
5.0000	0.766972877101400000000000000000
5.2500	0.757465580412700000000000000000
5.5000	0.747811193139700000000000000000
5.7500	0.738037129047600000000000000000
6.0000	0.728201393028700000000000000000
6.2500	0.718361954356200000000000000000
6.5000	0.708534324441300000000000000000
6.7500	0.698753955012300000000000000000
7.0000	0.689066766944100000000000000000
7.2500	0.679508070837300000000000000000
7.5000	0.670102260230600000000000000000
7.7500	0.660883627118800000000000000000
8.0000	0.651876034027700000000000000000
8.2500	0.643092537053100000000000000000
8.5000	0.634566341600900000000000000000
8.7500	0.626299972154100000000000000000
9.0000	0.618315506355900000000000000000
9.2500	0.610614733599600000000000000000
9.5000	0.603198634436900000000000000000
9.7500	0.596067878078600000000000000000
10.0000	0.589222781351400000000000000000
10.2500	0.582663269444500000000000000000
10.5000	0.576378682184500000000000000000
10.7500	0.570367761615500000000000000000
11.0000	0.564618943599200000000000000000
11.2500	0.559119850480500000000000000000
11.5000	0.553867705220200000000000000000
11.7500	0.548849442422500000000000000000
12.0000	0.544041047494000000000000000000
12.2500	0.539447907227400000000000000000
12.5000	0.535035706143300000000000000000
12.7500	0.530818562327000000000000000000
13.0000	0.526771838034200000000000000000
13.2500	0.522869008071800000000000000000
13.5000	0.519123484997100000000000000000
13.7500	0.515509902086200000000000000000
14.0000	0.512021210302400000000000000000
14.2500	0.508651153430700000000000000000
14.5000	0.505373428625000000000000000000
14.7500	0.502201110811400000000000000000
15.0000	0.499119157435300000000000000000
15.2500	0.496101397334800000000000000000
15.5000	0.493171640025100000000000000000
15.7500	0.490296313184500000000000000000
16.0000	0.487479477145400000000000000000
16.2500	0.484727600423000000000000000000
16.5000	0.482017655685600000000000000000
16.7500	0.479355627054900000000000000000
17.0000	0.476739561816200000000000000000
17.2500	0.474157554916600000000000000000
17.5000	0.471607678321200000000000000000
17.7500	0.469098987914400000000000000000
18.0000	0.466611734588900000000000000000
18.2500	0.464154793181500000000000000000
18.5000	0.461719273362100000000000000000
18.7500	0.459315340327400000000000000000
19.0000	0.456924983586400000000000000000
19.2500	0.454558377274000000000000000000
19.5000	0.452207978326300000000000000000
19.7500	0.449865312451000000000000000000
20.0000	0.447551447596300000000000000000
20.2500	0.445250221482100000000000000000
20.5000	0.442952966291800000000000000000
20.7500	0.440671148861700000000000000000
21.0000	0.438398067205300000000000000000
21.2500	0.436145122492300000000000000000
21.5000	0.433886400158800000000000000000
21.7500	0.431651177846800000000000000000
22.0000	0.429414955013300000000000000000
22.2500	0.427178119530800000000000000000
22.5000	0.424952509845200000000000000000
22.7500	0.422731566089200000000000000000
23.0000	0.420516893164300000000000000000
23.2500	0.418310767266100000000000000000
23.5000	0.416096722113200000000000000000
23.7500	0.413894494396600000000000000000
24.0000	0.411698507672400000000000000000
24.2500	0.409501215998100000000000000000
24.5000	0.407313709739400000000000000000
24.7500	0.405120821761400000000000000000
25.0000	0.402942189184500000000000000000
25.2500	0.400772748395800000000000000000
25.5000	0.398605377308700000000000000000
25.7500	0.396451234589700000000000000000
26.0000	0.394295715572700000000000000000
26.2500	0.392158215452700000000000000000
26.5000	0.390033934500800000000000000000
26.7500	0.387924775026900000000000000000
27.0000	0.385824377156700000000000000000
27.2500	0.383743362416800000000000000000
27.5000	0.381675918813600000000000000000
27.7500	0.379632254677700000000000000000
28.0000	0.377597430668600000000000000000
28.2500	0.375580430133500000000000000000
28.5000	0.373583547053300000000000000000
28.7500	0.371599300435400000000000000000
29.0000	0.369636643748200000000000000000
29.2500	0.367688471642600000000000000000
29.5000	0.365754537046400000000000000000
29.7500	0.363835189929300000000000000000
30.0000	0.361930570689500000000000000000
30.2500	0.360040629951800000000000000000
30.5000	0.358147989993700000000000000000
30.7500	0.356276343006400000000000000000
31.0000	0.354402100848700000000000000000
31.2500	0.352530672470000000000000000000
31.5000	0.350670792039400000000000000000
31.7500	0.348805587268700000000000000000
32.0000	0.346941025271300000000000000000
32.2500	0.345068686250900000000000000000
32.5000	0.343195277044900000000000000000
32.7500	0.341312315339000000000000000000
33.0000	0.339426367311300000000000000000
33.2500	0.337528866589800000000000000000
33.5000	0.335617780243500000000000000000
33.7500	0.333700326417200000000000000000
34.0000	0.331759302156200000000000000000
34.2500	0.329808214378300000000000000000
34.5000	0.327838999833800000000000000000
34.7500	0.325857401235000000000000000000
35.0000	0.323845743243600000000000000000
35.2500	0.321825248577300000000000000000
35.5000	0.319771539166200000000000000000
35.7500	0.317696118270800000000000000000
36.0000	0.315598545201200000000000000000
36.2500	0.313476281813500000000000000000
36.5000	0.311326699068800000000000000000
36.7500	0.309138716981400000000000000000
37.0000	0.306925341016800000000000000000
37.2500	0.304677548414200000000000000000
37.5000	0.302400010615600000000000000000
37.7500	0.300082811657000000000000000000
38.0000	0.297722416415000000000000000000
38.2500	0.295324888358800000000000000000
38.5000	0.292897575365700000000000000000
38.7500	0.290422908672400000000000000000
39.0000	0.287905433186200000000000000000
39.2500	0.285344862585500000000000000000
39.5000	0.282740097377300000000000000000
39.7500	0.280098713897600000000000000000
40.0000	0.277412948974200000000000000000
40.2500	0.274681447756800000000000000000
40.5000	0.271912639895500000000000000000
40.7500	0.269099621009400000000000000000
41.0000	0.266250169857600000000000000000
41.2500	0.263357862702400000000000000000
41.5000	0.260422497745200000000000000000
41.7500	0.257453555573500000000000000000
42.0000	0.254445117159100000000000000000
42.2500	0.251397329717200000000000000000
42.5000	0.248319926226800000000000000000
42.7500	0.245207188788600000000000000000
43.0000	0.242067634268500000000000000000
43.2500	0.238895512144200000000000000000
43.5000	0.235690874537300000000000000000
43.7500	0.232463208799200000000000000000
44.0000	0.229206503210500000000000000000
44.2500	0.225928712835000000000000000000
44.5000	0.222631834830700000000000000000
44.7500	0.219299863644900000000000000000
45.0000	0.215955468954700000000000000000
45.2500	0.212594391707800000000000000000
45.5000	0.209207065608200000000000000000
45.7500	0.205800242295800000000000000000
46.0000	0.202383066132900000000000000000
46.2500	0.198948005324800000000000000000
46.5000	0.195501221362200000000000000000
46.7500	0.192043112030100000000000000000
47.0000	0.188564385311800000000000000000
47.2500	0.185078967936400000000000000000
47.5000	0.181588273072900000000000000000
47.7500	0.178082753872600000000000000000
48.0000	0.174576084492900000000000000000
48.2500	0.171053228332900000000000000000
48.5000	0.167534660164600000000000000000
48.7500	0.164006875235300000000000000000
49.0000	0.160474094411800000000000000000
49.2500	0.156944820525200000000000000000
49.5000	0.153411413818700000000000000000
49.7500	0.149888051644100000000000000000
50.0000	0.146360821452000000000000000000
50.2500	0.142842884358100000000000000000
50.5000	0.139337092812500000000000000000
50.7500	0.135835645811500000000000000000
51.0000	0.132353798943100000000000000000
51.2500	0.128879159660600000000000000000
51.5000	0.125434014113500000000000000000
51.7500	0.122000019029600000000000000000
52.0000	0.118590393435500000000000000000
52.2500	0.115209831584500000000000000000
52.5000	0.111860289353500000000000000000
52.7500	0.108543877064400000000000000000
53.0000	0.105262824042900000000000000000
53.2500	0.102011626567100000000000000000
53.5000	0.098806811614640000000000000000
53.7500	0.095645856677900000000000000000
54.0000	0.092529592246700000000000000000
54.2500	0.089461791972130000000000000000
54.5000	0.086442568176450000000000000000
54.7500	0.083474228884860000000000000000
55.0000	0.080557980258700000000000000000
55.2500	0.077694551571720000000000000000
55.5000	0.074885972901110000000000000000
55.7500	0.072132099258020000000000000000
56.0000	0.069432877101100000000000000000
56.2500	0.066788182896930000000000000000
56.5000	0.064197675568610000000000000000
56.7500	0.061660802364900000000000000000
57.0000	0.059176081646320000000000000000
57.2500	0.056743151786380000000000000000
57.5000	0.054359601317360000000000000000
57.7500	0.052024584222730000000000000000
58.0000	0.049736118866470000000000000000
58.2500	0.047491806136640000000000000000
58.5000	0.045289850566030000000000000000
58.7500	0.043129915379640000000000000000
59.0000	0.041011153529240000000000000000
59.2500	0.038931781571310000000000000000
59.5000	0.036891892976110000000000000000
59.7500	0.034891255773750000000000000000
60.0000	0.032929422217890000000000000000
60.2500	0.031007273618020000000000000000
60.5000	0.029125935974360000000000000000
60.7500	0.027285796496930000000000000000
61.0000	0.025489124216030000000000000000
61.2500	0.023737239613100000000000000000
61.5000	0.022032522370940000000000000000
61.7500	0.020377665242670000000000000000
62.0000	0.018776076179600000000000000000
62.2500	0.017230682836730000000000000000
62.5000	0.015744333130880000000000000000
62.7500	0.014321357332180000000000000000
63.0000	0.012963779805350000000000000000
63.2500	0.011675211852170000000000000000
63.5000	0.010457852954860000000000000000
63.7500	0.009312915008821000000000000000
64.0000	0.008241851055593000000000000000
64.2500	0.007245812105544000000000000000
64.5000	0.006325183897763000000000000000
64.7500	0.005479784905432000000000000000
65.0000	0.004709125875504000000000000000
65.2500	0.004012086855678000000000000000
65.5000	0.003386942992823000000000000000
65.7500	0.002832008085482000000000000000
66.0000	0.002344621120526000000000000000
66.2500	0.001920961723155000000000000000
66.5000	0.001556031938587000000000000000
66.7500	0.001244840572356000000000000000
67.0000	0.000982252571135400000000000000
67.2500	0.000763235102441100000000000000
67.5000	0.000583015818052900000000000000
67.7500	0.000436966497193200000000000000
68.0000	0.000320664478771300000000000000
68.2500	0.000229942295410300000000000000
68.5000	0.000160877131627700000000000000
68.7500	0.000109837922572800000000000000
69.0000	0.000073463272818860000000000000
69.2500	0.000048710472453660000000000000
69.5000	0.000032251575585700000000000000
69.7500	0.000021349833019910000000000000
70.0000	0.000014129932840430000000000000
70.2500	0.000009349942804158000000000000
70.5000	0.000006185710769314000000000000
70.7500	0.000004091422675251000000000000
71.0000	0.000002705697039368000000000000
71.2500	0.000001788928980227000000000000
71.5000	0.000001182540650098000000000000
71.7500	0.000000781587841429800000000000
72.0000	0.000000516486477527500000000000
72.2500	0.000000341237804938200000000000
72.5000	0.000000225420525583000000000000
72.7500	0.000000148889959834100000000000
73.0000	0.000000098323366959140000000000
73.2500	0.000000064922056579080000000000
73.5000	0.000000042861842091380000000000
73.7500	0.000000028293848930920000000000
74.0000	0.000000018675148331230000000000
74.2500	0.000000012324454009230000000000
74.5000	0.000000008132900072217000000000
74.7500	0.000000005366350225837000000000
75.0000	0.000000003540479249194000000000
75.2500	0.000000002335643395555000000000
75.5000	0.000000001540693543133000000000
75.7500	0.000000001016252648512000000000
76.0000	0.000000000670278404164000000000
76.2500	0.000000000442053665858400000000
76.5000	0.000000000291517269627700000000
76.7500	0.000000000192240711367300000000
77.0000	0.000000000126764171686900000000
77.2500	0.000000000083584079609410000000
77.5000	0.000000000055111227136720000000
77.7500	0.000000000036337171465150000000
78.0000	0.000000000023957773878390000000
78.2500	0.000000000015795815757400000000
78.5000	0.000000000010414118358170000000
78.7500	0.000000000006865954458835000000
79.0000	0.000000000004526731260896000000
79.2500	0.000000000002984458382542000000
79.5000	0.000000000001967627978682000000
79.7500	0.000000000001297314001875000000
80.0000	0.000000000000855342304608100000
80.2500	0.000000000000563949174093300000
80.5000	0.000000000000371832923106200000
80.7500	0.000000000000245172231365800000
81.0000	0.000000000000161661877243200000
81.2500	0.000000000000106596781086100000
81.5000	0.000000000000070289566173030000
81.7500	0.000000000000046350098269020000
82.0000	0.000000000000030564978148580000
82.2500	0.000000000000020155999562670000
82.5000	0.000000000000013291907901320000
82.7500	0.000000000000008765572488037000
83.0000	0.000000000000005780791774375000
83.2500	0.000000000000003812398592320000
83.5000	0.000000000000002514270318163000
83.7500	0.000000000000001658218344313000
84.0000	0.000000000000001093620377759000
84.2500	0.000000000000000721263762103600
84.5000	0.000000000000000475692973091400
84.7500	0.000000000000000313731756091700
85.0000	0.000000000000000206918161731200
85.2500	0.000000000000000136467938282700
85.5000	0.000000000000000090003920532670
85.7500	0.000000000000000059359978174960
86.0000	0.000000000000000039149380426310
86.2500	0.000000000000000025819510088910
86.5000	0.000000000000000017028502215600
86.7500	0.000000000000000011230294885780
87.0000	0.000000000000000007406282247117
87.2500	0.000000000000000004884371035937
87.5000	0.000000000000000003221150815726
87.7500	0.000000000000000002124229191944
88.0000	0.000000000000000001400867084510
88.2500	0.000000000000000000923798119533
88.5000	0.000000000000000000609184595800
88.7500	0.000000000000000000401715229330
89.0000	0.000000000000000000264898631855
89.2500	0.000000000000000000174677114445
89.5000	0.000000000000000000115182784206
89.7500	0.000000000000000000075947990002
90.0000	0.000000000000000000050077007357
90.2500	0.000000000000000000033018706124
90.5000	0.000000000000000000018413977764
90.7500	0.000000000000000000009324295904
91.0000	0.000000000000000000004835064866
91.2500	0.000000000000000000002583021201
91.5000	0.000000000000000000001431794581
91.7500	0.000000000000000000000829712671
92.0000	0.000000000000000000000506183516
92.2500	0.000000000000000000000433312168
92.5000	0.000000000000000000000432819632
92.7500	0.000000000000000000000432322341
93.0000	0.000000000000000000000431810448
93.2500	0.000000000000000000000431295612
93.5000	0.000000000000000000000430776293
93.7500	0.000000000000000000000430242668
94.0000	0.000000000000000000000429706331
94.2500	0.000000000000000000000429165821
94.5000	0.000000000000000000000428611339
94.7500	0.000000000000000000000428054410
400.0000	0.000000000000000000000427486560