0.0000	0.329326200000000000000000000000
0.2000	0.330644700000000000000000000000
0.4000	0.331836800000000000000000000000
0.6000	0.332949200000000000000000000000
0.8000	0.334022900000000000000000000000
1.0000	0.335093900000000000000000000000
1.2000	0.336193100000000000000000000000
1.4000	0.337347400000000000000000000000
1.6000	0.338579300000000000000000000000
1.8000	0.339907900000000000000000000000
2.0000	0.341348900000000000000000000000
2.2000	0.342914800000000000000000000000
2.4000	0.344615300000000000000000000000
2.6000	0.346457900000000000000000000000
2.8000	0.348447500000000000000000000000
3.0000	0.350587100000000000000000000000
3.2000	0.352877800000000000000000000000
3.4000	0.355319200000000000000000000000
3.6000	0.357909300000000000000000000000
3.8000	0.360645100000000000000000000000
4.0000	0.363522200000000000000000000000
4.2000	0.366535400000000000000000000000
4.4000	0.369678600000000000000000000000
4.6000	0.372945200000000000000000000000
4.8000	0.376327700000000000000000000000
5.0000	0.379818400000000000000000000000
5.2000	0.383409200000000000000000000000
5.4000	0.387091600000000000000000000000
5.6000	0.390857000000000000000000000000
5.8000	0.394696600000000000000000000000
6.0000	0.398601600000000000000000000000
6.2000	0.402563200000000000000000000000
6.4000	0.406572600000000000000000000000
6.6000	0.410621300000000000000000000000
6.8000	0.414700600000000000000000000000
7.0000	0.418802400000000000000000000000
7.2000	0.422918500000000000000000000000
7.4000	0.427041100000000000000000000000
7.6000	0.431162700000000000000000000000
7.8000	0.435275900000000000000000000000
8.0000	0.439374000000000000000000000000
8.2000	0.443450200000000000000000000000
8.4000	0.447498400000000000000000000000
8.6000	0.451512600000000000000000000000
8.8000	0.455487300000000000000000000000
9.0000	0.459417300000000000000000000000
9.2000	0.463297800000000000000000000000
9.4000	0.467124400000000000000000000000
9.6000	0.470893000000000000000000000000
9.8000	0.474599800000000000000000000000
10.0000	0.478241500000000000000000000000
10.2000	0.481815100000000000000000000000
10.4000	0.485317900000000000000000000000
10.6000	0.488747600000000000000000000000
10.8000	0.492102100000000000000000000000
11.0000	0.495379800000000000000000000000
11.2000	0.498579200000000000000000000000
11.4000	0.501699300000000000000000000000
11.6000	0.504739300000000000000000000000
11.8000	0.507698500000000000000000000000
12.0000	0.510576700000000000000000000000
12.2000	0.513373900000000000000000000000
12.4000	0.516090100000000000000000000000
12.6000	0.518725900000000000000000000000
12.8000	0.521281800000000000000000000000
13.0000	0.523758600000000000000000000000
13.2000	0.526157300000000000000000000000
13.4000	0.528479000000000000000000000000
13.6000	0.530725100000000000000000000000
13.8000	0.532896900000000000000000000000
14.0000	0.534996100000000000000000000000
14.2000	0.537024300000000000000000000000
14.4000	0.538983300000000000000000000000
14.6000	0.540875000000000000000000000000
14.8000	0.542701400000000000000000000000
15.0000	0.544464500000000000000000000000
15.2000	0.546166400000000000000000000000
15.4000	0.547809400000000000000000000000
15.6000	0.549395500000000000000000000000
15.8000	0.550927000000000000000000000000
16.0000	0.552406200000000000000000000000
16.2000	0.553835400000000000000000000000
16.4000	0.555216900000000000000000000000
16.6000	0.556552900000000000000000000000
16.8000	0.557845700000000000000000000000
17.0000	0.559097700000000000000000000000
17.2000	0.560311000000000000000000000000
17.4000	0.561487900000000000000000000000
17.6000	0.562630700000000000000000000000
17.8000	0.563741400000000000000000000000
18.0000	0.564822100000000000000000000000
18.2000	0.565875100000000000000000000000
18.4000	0.566902300000000000000000000000
18.6000	0.567905700000000000000000000000
18.8000	0.568887200000000000000000000000
19.0000	0.569848800000000000000000000000
19.2000	0.570792100000000000000000000000
19.4000	0.571719100000000000000000000000
19.6000	0.572631300000000000000000000000
19.8000	0.573530300000000000000000000000
20.0000	0.574417900000000000000000000000
20.2000	0.575295300000000000000000000000
20.4000	0.576164200000000000000000000000
20.6000	0.577025700000000000000000000000
20.8000	0.577881200000000000000000000000
21.0000	0.578731900000000000000000000000
21.2000	0.579579000000000000000000000000
21.4000	0.580423400000000000000000000000
21.6000	0.581266300000000000000000000000
21.8000	0.582108600000000000000000000000
22.0000	0.582951100000000000000000000000
22.2000	0.583794600000000000000000000000
22.4000	0.584639900000000000000000000000
22.6000	0.585487600000000000000000000000
22.8000	0.586338400000000000000000000000
23.0000	0.587192900000000000000000000000
23.2000	0.588051500000000000000000000000
23.4000	0.588914700000000000000000000000
23.6000	0.589782800000000000000000000000
23.8000	0.590656200000000000000000000000
24.0000	0.591535200000000000000000000000
24.2000	0.592420000000000000000000000000
24.4000	0.593310800000000000000000000000
24.6000	0.594207800000000000000000000000
24.8000	0.595111000000000000000000000000
25.0000	0.596020500000000000000000000000
25.2000	0.596936400000000000000000000000
25.4000	0.597858500000000000000000000000
25.6000	0.598787000000000000000000000000
25.8000	0.599721600000000000000000000000
26.0000	0.600662300000000000000000000000
26.2000	0.601609000000000000000000000000
26.4000	0.602561500000000000000000000000
26.6000	0.603519600000000000000000000000
26.8000	0.604483100000000000000000000000
27.0000	0.605451800000000000000000000000
27.2000	0.606425400000000000000000000000
27.4000	0.607403700000000000000000000000
27.6000	0.608386500000000000000000000000
27.8000	0.609373300000000000000000000000
28.0000	0.610364100000000000000000000000
28.2000	0.611358400000000000000000000000
28.4000	0.612356000000000000000000000000
28.6000	0.613356500000000000000000000000
28.8000	0.614359700000000000000000000000
29.0000	0.615365200000000000000000000000
29.2000	0.616372700000000000000000000000
29.4000	0.617382000000000000000000000000
29.6000	0.618392600000000000000000000000
29.8000	0.619404400000000000000000000000
30.0000	0.620416900000000000000000000000
30.2000	0.621430000000000000000000000000
30.4000	0.622443200000000000000000000000
30.6000	0.623456500000000000000000000000
30.8000	0.624469300000000000000000000000
31.0000	0.625481600000000000000000000000
31.2000	0.626493100000000000000000000000
31.4000	0.627503400000000000000000000000
31.6000	0.628512500000000000000000000000
31.8000	0.629520000000000000000000000000
32.0000	0.630525800000000000000000000000
32.2000	0.631529600000000000000000000000
32.4000	0.632531300000000000000000000000
32.6000	0.633530800000000000000000000000
32.8000	0.634527800000000000000000000000
33.0000	0.635522200000000000000000000000
33.2000	0.636514000000000000000000000000
33.4000	0.637502900000000000000000000000
33.6000	0.638488900000000000000000000000
33.8000	0.639471900000000000000000000000
34.0000	0.640451800000000000000000000000
34.2000	0.641428600000000000000000000000
34.4000	0.642402100000000000000000000000
34.6000	0.643372500000000000000000000000
34.8000	0.644339600000000000000000000000
35.0000	0.645303500000000000000000000000
35.2000	0.646264100000000000000000000000
35.4000	0.647221500000000000000000000000
35.6000	0.648175700000000000000000000000
35.8000	0.649126600000000000000000000000
36.0000	0.650074500000000000000000000000
36.2000	0.651019300000000000000000000000
36.4000	0.651961000000000000000000000000
36.6000	0.652899900000000000000000000000
36.8000	0.653835800000000000000000000000
37.0000	0.654769000000000000000000000000
37.2000	0.655699600000000000000000000000
37.4000	0.656627500000000000000000000000
37.6000	0.657553000000000000000000000000
37.8000	0.658476200000000000000000000000
38.0000	0.659397200000000000000000000000
38.2000	0.660316000000000000000000000000
38.4000	0.661232900000000000000000000000
38.6000	0.662147900000000000000000000000
38.8000	0.663061300000000000000000000000
39.0000	0.663973100000000000000000000000
39.2000	0.664883400000000000000000000000
39.4000	0.665792500000000000000000000000
39.6000	0.666700400000000000000000000000
39.8000	0.667607400000000000000000000000
40.0000	0.668513500000000000000000000000
40.2000	0.669418800000000000000000000000
40.4000	0.670323600000000000000000000000
40.6000	0.671227900000000000000000000000
40.8000	0.672131900000000000000000000000
41.0000	0.673035700000000000000000000000
41.2000	0.673939500000000000000000000000
41.4000	0.674843400000000000000000000000
41.6000	0.675747400000000000000000000000
41.8000	0.676651800000000000000000000000
42.0000	0.677556600000000000000000000000
42.2000	0.678461900000000000000000000000
42.4000	0.679367800000000000000000000000
42.6000	0.680274500000000000000000000000
42.8000	0.681182100000000000000000000000
43.0000	0.682090500000000000000000000000
43.2000	0.682999900000000000000000000000
43.4000	0.683910400000000000000000000000
43.6000	0.684822100000000000000000000000
43.8000	0.685734900000000000000000000000
44.0000	0.686649000000000000000000000000
44.2000	0.687564500000000000000000000000
44.4000	0.688481200000000000000000000000
44.6000	0.689399400000000000000000000000
44.8000	0.690318900000000000000000000000
45.0000	0.691239900000000000000000000000
45.2000	0.692162400000000000000000000000
45.4000	0.693086300000000000000000000000
45.6000	0.694011700000000000000000000000
45.8000	0.694938600000000000000000000000
46.0000	0.695866900000000000000000000000
46.2000	0.696796600000000000000000000000
46.4000	0.697727800000000000000000000000
46.6000	0.698660300000000000000000000000
46.8000	0.699594200000000000000000000000
47.0000	0.700529500000000000000000000000
47.2000	0.701466000000000000000000000000
47.4000	0.702403700000000000000000000000
47.6000	0.703342600000000000000000000000
47.8000	0.704282600000000000000000000000
48.0000	0.705223600000000000000000000000
48.2000	0.706165700000000000000000000000
48.4000	0.707108600000000000000000000000
48.6000	0.708052400000000000000000000000
48.8000	0.708996900000000000000000000000
49.0000	0.709942100000000000000000000000
49.2000	0.710887900000000000000000000000
49.4000	0.711834200000000000000000000000
49.6000	0.712780900000000000000000000000
49.8000	0.713727900000000000000000000000
50.0000	0.714675100000000000000000000000
50.2000	0.715622500000000000000000000000
50.4000	0.716570000000000000000000000000
50.6000	0.717517300000000000000000000000
50.8000	0.718464600000000000000000000000
51.0000	0.719411600000000000000000000000
51.2000	0.720358200000000000000000000000
51.4000	0.721304400000000000000000000000
51.6000	0.722250100000000000000000000000
51.8000	0.723195200000000000000000000000
52.0000	0.724139600000000000000000000000
52.2000	0.725083100000000000000000000000
52.4000	0.726025800000000000000000000000
52.6000	0.726967500000000000000000000000
52.8000	0.727908100000000000000000000000
53.0000	0.728847600000000000000000000000
53.2000	0.729785800000000000000000000000
53.4000	0.730722800000000000000000000000
53.6000	0.731658400000000000000000000000
53.8000	0.732592500000000000000000000000
54.0000	0.733525200000000000000000000000
54.2000	0.734456300000000000000000000000
54.4000	0.735385800000000000000000000000
54.6000	0.736313500000000000000000000000
54.8000	0.737239600000000000000000000000
55.0000	0.738163900000000000000000000000
55.2000	0.739086400000000000000000000000
55.4000	0.740007100000000000000000000000
55.6000	0.740925800000000000000000000000
55.8000	0.741842700000000000000000000000
56.0000	0.742757600000000000000000000000
56.2000	0.743670600000000000000000000000
56.4000	0.744581600000000000000000000000
56.6000	0.745490700000000000000000000000
56.8000	0.746397700000000000000000000000
57.0000	0.747302800000000000000000000000
57.2000	0.748206000000000000000000000000
57.4000	0.749107100000000000000000000000
57.6000	0.750006400000000000000000000000
57.8000	0.750903600000000000000000000000
58.0000	0.751799000000000000000000000000
58.2000	0.752692500000000000000000000000
58.4000	0.753584100000000000000000000000
58.6000	0.754473900000000000000000000000
58.8000	0.755362000000000000000000000000
59.0000	0.756248200000000000000000000000
59.2000	0.757132800000000000000000000000
59.4000	0.758015700000000000000000000000
59.6000	0.758897000000000000000000000000
59.8000	0.759776800000000000000000000000
60.0000	0.760655100000000000000000000000
60.2000	0.761531900000000000000000000000
60.4000	0.762407300000000000000000000000
60.6000	0.763281400000000000000000000000
60.8000	0.764154200000000000000000000000
61.0000	0.765025800000000000000000000000
61.2000	0.765896300000000000000000000000
61.4000	0.766765700000000000000000000000
61.6000	0.767634100000000000000000000000
61.8000	0.768501600000000000000000000000
62.0000	0.769368200000000000000000000000
62.2000	0.770233900000000000000000000000
62.4000	0.771099000000000000000000000000
62.6000	0.771963300000000000000000000000
62.8000	0.772827000000000000000000000000
63.0000	0.773690200000000000000000000000
63.2000	0.774552800000000000000000000000
63.4000	0.775415000000000000000000000000
63.6000	0.776276800000000000000000000000
63.8000	0.777138300000000000000000000000
64.0000	0.777999500000000000000000000000
64.2000	0.778860400000000000000000000000
64.4000	0.779721100000000000000000000000
64.6000	0.780581700000000000000000000000
64.8000	0.781442200000000000000000000000
65.0000	0.782302500000000000000000000000
65.2000	0.783162800000000000000000000000
65.4000	0.784023100000000000000000000000
65.6000	0.784883400000000000000000000000
65.8000	0.785743600000000000000000000000
66.0000	0.786603900000000000000000000000
66.2000	0.787464100000000000000000000000
66.4000	0.788324400000000000000000000000
66.6000	0.789184700000000000000000000000
66.8000	0.790045000000000000000000000000
67.0000	0.790905200000000000000000000000
67.2000	0.791765400000000000000000000000
67.4000	0.792625600000000000000000000000
67.6000	0.793485600000000000000000000000
67.8000	0.794345500000000000000000000000
68.0000	0.795205200000000000000000000000
68.2000	0.796064700000000000000000000000
68.4000	0.796923900000000000000000000000
68.6000	0.797782700000000000000000000000
68.8000	0.798641000000000000000000000000
69.0000	0.799498900000000000000000000000
69.2000	0.800356200000000000000000000000
69.4000	0.801212800000000000000000000000
69.6000	0.802068700000000000000000000000
69.8000	0.802923600000000000000000000000
70.0000	0.803777700000000000000000000000
70.2000	0.804630600000000000000000000000
70.4000	0.805482400000000000000000000000
70.6000	0.806332800000000000000000000000
70.8000	0.807181800000000000000000000000
71.0000	0.808029300000000000000000000000
71.2000	0.808875100000000000000000000000
71.4000	0.809719000000000000000000000000
71.6000	0.810561000000000000000000000000
71.8000	0.811400900000000000000000000000
72.0000	0.812238500000000000000000000000
72.2000	0.813073700000000000000000000000
72.4000	0.813906300000000000000000000000
72.6000	0.814736200000000000000000000000
72.8000	0.815563200000000000000000000000
73.0000	0.816387200000000000000000000000
73.2000	0.817208000000000000000000000000
73.4000	0.818025300000000000000000000000
73.6000	0.818839200000000000000000000000
73.8000	0.819649300000000000000000000000
74.0000	0.820455600000000000000000000000
74.2000	0.821257800000000000000000000000
74.4000	0.822055800000000000000000000000
74.6000	0.822849400000000000000000000000
74.8000	0.823638500000000000000000000000
75.0000	0.824422900000000000000000000000
75.2000	0.825202400000000000000000000000
75.4000	0.825976800000000000000000000000
75.6000	0.826746100000000000000000000000
75.8000	0.827510000000000000000000000000
76.0000	0.828268500000000000000000000000
76.2000	0.829021300000000000000000000000
76.4000	0.829768300000000000000000000000
76.6000	0.830509300000000000000000000000
76.8000	0.831244300000000000000000000000
77.0000	0.831973100000000000000000000000
77.2000	0.832695600000000000000000000000
77.4000	0.833411600000000000000000000000
77.6000	0.834121000000000000000000000000
77.8000	0.834823800000000000000000000000
78.0000	0.835519800000000000000000000000
78.2000	0.836208900000000000000000000000
78.4000	0.836891100000000000000000000000
78.6000	0.837566200000000000000000000000
78.8000	0.838234300000000000000000000000
79.0000	0.838895100000000000000000000000
79.2000	0.839548700000000000000000000000
79.4000	0.840195000000000000000000000000
79.6000	0.840834000000000000000000000000
79.8000	0.841465600000000000000000000000
80.0000	0.842089800000000000000000000000
80.2000	0.842706600000000000000000000000
80.4000	0.843316000000000000000000000000
80.6000	0.843918000000000000000000000000
80.8000	0.844512600000000000000000000000
81.0000	0.845099800000000000000000000000
81.2000	0.845679600000000000000000000000
81.4000	0.846252100000000000000000000000
81.6000	0.846817400000000000000000000000
81.8000	0.847375400000000000000000000000
82.0000	0.847926300000000000000000000000
82.2000	0.848470000000000000000000000000
82.4000	0.849006800000000000000000000000
82.6000	0.849536700000000000000000000000
82.8000	0.850059700000000000000000000000
83.0000	0.850576000000000000000000000000
83.2000	0.851085800000000000000000000000
83.4000	0.851589000000000000000000000000
83.6000	0.852085900000000000000000000000
83.8000	0.852576600000000000000000000000
84.0000	0.853061200000000000000000000000
84.2000	0.853539900000000000000000000000
84.4000	0.854012800000000000000000000000
84.6000	0.854480100000000000000000000000
84.8000	0.854941900000000000000000000000
85.0000	0.855398500000000000000000000000
85.2000	0.855849900000000000000000000000
85.4000	0.856296500000000000000000000000
85.6000	0.856738300000000000000000000000
85.8000	0.857175600000000000000000000000
86.0000	0.857608400000000000000000000000
86.2000	0.858037200000000000000000000000
86.4000	0.858461900000000000000000000000
86.6000	0.858882900000000000000000000000
86.8000	0.859300200000000000000000000000
87.0000	0.859714200000000000000000000000
87.2000	0.860125000000000000000000000000
87.4000	0.860532800000000000000000000000
87.6000	0.860937700000000000000000000000
87.8000	0.861340100000000000000000000000
88.0000	0.861740000000000000000000000000
88.2000	0.862137600000000000000000000000
88.4000	0.862533200000000000000000000000
88.6000	0.862926900000000000000000000000
88.8000	0.863318900000000000000000000000
89.0000	0.863709400000000000000000000000
89.2000	0.864098500000000000000000000000
89.4000	0.864486300000000000000000000000
89.6000	0.864873100000000000000000000000
89.8000	0.865258900000000000000000000000
90.0000	0.865644000000000000000000000000
90.2000	0.866028300000000000000000000000
90.4000	0.866412100000000000000000000000
90.6000	0.866795500000000000000000000000
90.8000	0.867178500000000000000000000000
91.0000	0.867561300000000000000000000000
91.2000	0.867943800000000000000000000000
91.4000	0.868326300000000000000000000000
91.6000	0.868708700000000000000000000000
91.8000	0.869091200000000000000000000000
92.0000	0.869473600000000000000000000000
92.2000	0.869856200000000000000000000000
92.4000	0.870238800000000000000000000000
92.6000	0.870621500000000000000000000000
92.8000	0.871004300000000000000000000000
93.0000	0.871387100000000000000000000000
93.2000	0.871770000000000000000000000000
93.4000	0.872152800000000000000000000000
93.6000	0.872535600000000000000000000000
93.8000	0.872918200000000000000000000000
94.0000	0.873300600000000000000000000000
94.2000	0.873682700000000000000000000000
94.4000	0.874064400000000000000000000000
94.6000	0.874445600000000000000000000000
94.8000	0.874826100000000000000000000000
95.0000	0.875205900000000000000000000000
95.2000	0.875584800000000000000000000000
95.4000	0.875962600000000000000000000000
95.6000	0.876339200000000000000000000000
95.8000	0.876714500000000000000000000000
96.0000	0.877088200000000000000000000000
96.2000	0.877460200000000000000000000000
96.4000	0.877830300000000000000000000000
96.6000	0.878198300000000000000000000000
96.8000	0.878564100000000000000000000000
97.0000	0.878927400000000000000000000000
97.2000	0.879288000000000000000000000000
97.4000	0.879645700000000000000000000000
97.6000	0.880000400000000000000000000000
97.8000	0.880351800000000000000000000000
98.0000	0.880699700000000000000000000000
98.2000	0.881043900000000000000000000000
98.4000	0.881384300000000000000000000000
98.6000	0.881720700000000000000000000000
98.8000	0.882052800000000000000000000000
99.0000	0.882380500000000000000000000000
99.2000	0.882703600000000000000000000000
99.4000	0.883021900000000000000000000000
99.6000	0.883335300000000000000000000000
99.8000	0.883643700000000000000000000000
100.0000	0.883946900000000000000000000000
100.2000	0.884244800000000000000000000000
100.4000	0.884537200000000000000000000000
100.6000	0.884824100000000000000000000000
100.8000	0.885105500000000000000000000000
101.0000	0.885381100000000000000000000000
101.2000	0.885651100000000000000000000000
101.4000	0.885915300000000000000000000000
101.6000	0.886173800000000000000000000000
101.8000	0.886426500000000000000000000000
102.0000	0.886673500000000000000000000000
102.2000	0.886914800000000000000000000000
102.4000	0.887150500000000000000000000000
102.6000	0.887380700000000000000000000000
102.8000	0.887605500000000000000000000000
103.0000	0.887824900000000000000000000000
103.2000	0.888039300000000000000000000000
103.4000	0.888248600000000000000000000000
103.6000	0.888453100000000000000000000000
103.8000	0.888653100000000000000000000000
104.0000	0.888848700000000000000000000000
104.2000	0.889040200000000000000000000000
104.4000	0.889227900000000000000000000000
104.6000	0.889412100000000000000000000000
104.8000	0.889593000000000000000000000000
105.0000	0.889770900000000000000000000000
105.2000	0.889948730000000000000000000000
105.4000	0.890125510000000000000000000000
105.6000	0.890301250000000000000000000000
105.8000	0.890475950000000000000000000000
106.0000	0.890649630000000000000000000000
106.2000	0.890822290000000000000000000000
106.4000	0.890993930000000000000000000000
106.6000	0.891164560000000000000000000000
106.8000	0.891334190000000000000000000000
107.0000	0.891502820000000000000000000000
107.2000	0.891670460000000000000000000000
107.4000	0.891837110000000000000000000000
107.6000	0.892002790000000000000000000000
107.8000	0.892167480000000000000000000000
108.0000	0.892331210000000000000000000000
108.2000	0.892493980000000000000000000000
108.4000	0.892655780000000000000000000000
108.6000	0.892816640000000000000000000000
108.8000	0.892976550000000000000000000000
109.0000	0.893135520000000000000000000000
109.2000	0.893293550000000000000000000000
109.4000	0.893450660000000000000000000000
109.6000	0.893606840000000000000000000000
109.8000	0.893762100000000000000000000000
110.0000	0.893916450000000000000000000000
110.2000	0.894069880000000000000000000000
110.4000	0.894222420000000000000000000000
110.6000	0.894374060000000000000000000000
110.8000	0.894524810000000000000000000000
111.0000	0.894674670000000000000000000000
111.2000	0.894823650000000000000000000000
111.4000	0.894971750000000000000000000000
111.6000	0.895118990000000000000000000000
111.8000	0.895265350000000000000000000000
112.0000	0.895410860000000000000000000000
112.2000	0.895555510000000000000000000000
112.4000	0.895699300000000000000000000000
112.6000	0.895842250000000000000000000000
112.8000	0.895984370000000000000000000000
113.0000	0.896125640000000000000000000000
113.2000	0.896266090000000000000000000000
113.4000	0.896405700000000000000000000000
113.6000	0.896544500000000000000000000000
113.8000	0.896682480000000000000000000000
114.0000	0.896819650000000000000000000000
114.2000	0.896956010000000000000000000000
114.4000	0.897091570000000000000000000000
114.6000	0.897226330000000000000000000000
114.8000	0.897360300000000000000000000000
115.0000	0.897493480000000000000000000000
115.2000	0.897625880000000000000000000000
115.4000	0.897757500000000000000000000000
115.6000	0.897888340000000000000000000000
115.8000	0.898018420000000000000000000000
116.0000	0.898147720000000000000000000000
116.2000	0.898276270000000000000000000000
116.4000	0.898404070000000000000000000000
116.6000	0.898531110000000000000000000000
116.8000	0.898657400000000000000000000000
117.0000	0.898782950000000000000000000000
117.2000	0.898907760000000000000000000000
117.4000	0.899031840000000000000000000000
117.6000	0.899155190000000000000000000000
117.8000	0.899277810000000000000000000000
118.0000	0.899399710000000000000000000000
118.2000	0.899520900000000000000000000000
118.4000	0.899641370000000000000000000000
118.6000	0.899761130000000000000000000000
118.8000	0.899880190000000000000000000000
119.0000	0.899998540000000000000000000000
119.2000	0.900116210000000000000000000000
119.4000	0.900233170000000000000000000000
119.6000	0.900349460000000000000000000000
119.8000	0.900465050000000000000000000000
120.0000	0.900579970000000000000000000000
120.2000	0.900694210000000000000000000000
120.4000	0.900807780000000000000000000000
120.6000	0.900920680000000000000000000000
120.8000	0.901032920000000000000000000000
121.0000	0.901144490000000000000000000000
121.2000	0.901255410000000000000000000000
121.4000	0.901365680000000000000000000000
121.6000	0.901475300000000000000000000000
121.8000	0.901584270000000000000000000000
122.0000	0.901692610000000000000000000000
122.2000	0.901800300000000000000000000000
122.4000	0.901907360000000000000000000000
122.6000	0.902013800000000000000000000000
122.8000	0.902119600000000000000000000000
123.0000	0.902224790000000000000000000000
123.2000	0.902329350000000000000000000000
123.4000	0.902433300000000000000000000000
123.6000	0.902536640000000000000000000000
123.8000	0.902639370000000000000000000000
124.0000	0.902741500000000000000000000000
124.2000	0.902843020000000000000000000000
124.4000	0.902943950000000000000000000000
124.6000	0.903044280000000000000000000000
124.8000	0.903144030000000000000000000000
125.0000	0.903243190000000000000000000000
125.2000	0.903341760000000000000000000000
125.4000	0.903439750000000000000000000000
125.6000	0.903537170000000000000000000000
125.8000	0.903634020000000000000000000000
126.0000	0.903730290000000000000000000000
126.2000	0.903826000000000000000000000000
126.4000	0.903921150000000000000000000000
126.6000	0.904015730000000000000000000000
126.8000	0.904109760000000000000000000000
127.0000	0.904203240000000000000000000000
127.2000	0.904296160000000000000000000000
127.4000	0.904388540000000000000000000000
127.6000	0.904480380000000000000000000000
127.8000	0.904571680000000000000000000000
128.0000	0.904662440000000000000000000000
128.2000	0.904752660000000000000000000000
128.4000	0.904842350000000000000000000000
128.6000	0.904931520000000000000000000000
128.8000	0.905020160000000000000000000000
129.0000	0.905108280000000000000000000000
129.2000	0.905195890000000000000000000000
129.4000	0.905282970000000000000000000000
129.6000	0.905369550000000000000000000000
129.8000	0.905455610000000000000000000000
130.0000	0.905541170000000000000000000000
130.2000	0.905626230000000000000000000000
130.4000	0.905710790000000000000000000000
130.6000	0.905794840000000000000000000000
130.8000	0.905878410000000000000000000000
131.0000	0.905961480000000000000000000000
131.2000	0.906044060000000000000000000000
131.4000	0.906126160000000000000000000000
131.6000	0.906207770000000000000000000000
131.8000	0.906288910000000000000000000000
132.0000	0.906369570000000000000000000000
132.2000	0.906449750000000000000000000000
132.4000	0.906529460000000000000000000000
132.6000	0.906608700000000000000000000000
132.8000	0.906687480000000000000000000000
133.0000	0.906765790000000000000000000000
133.2000	0.906843640000000000000000000000
133.4000	0.906921040000000000000000000000
133.6000	0.906997980000000000000000000000
133.8000	0.907074460000000000000000000000
134.0000	0.907150500000000000000000000000
134.2000	0.907226090000000000000000000000
134.4000	0.907301230000000000000000000000
134.6000	0.907375930000000000000000000000
134.8000	0.907450200000000000000000000000
135.0000	0.907524020000000000000000000000
135.2000	0.907597410000000000000000000000
135.4000	0.907670370000000000000000000000
135.6000	0.907742900000000000000000000000
135.8000	0.907815010000000000000000000000
136.0000	0.907886690000000000000000000000
136.2000	0.907957950000000000000000000000
136.4000	0.908028780000000000000000000000
136.6000	0.908099210000000000000000000000
136.8000	0.908169210000000000000000000000
137.0000	0.908238810000000000000000000000
137.2000	0.908308000000000000000000000000
137.4000	0.908376780000000000000000000000
137.6000	0.908445150000000000000000000000
137.8000	0.908513130000000000000000000000
138.0000	0.908580700000000000000000000000
138.2000	0.908647870000000000000000000000
138.4000	0.908714650000000000000000000000
138.6000	0.908781040000000000000000000000
138.8000	0.908847040000000000000000000000
139.0000	0.908912650000000000000000000000
139.2000	0.908977870000000000000000000000
139.4000	0.909042710000000000000000000000
139.6000	0.909107170000000000000000000000
139.8000	0.909171250000000000000000000000
140.0000	0.909234950000000000000000000000
140.2000	0.909298270000000000000000000000
140.4000	0.909361230000000000000000000000
140.6000	0.909423810000000000000000000000
140.8000	0.909486030000000000000000000000
141.0000	0.909547880000000000000000000000
141.2000	0.909609360000000000000000000000
141.4000	0.909670490000000000000000000000
141.6000	0.909731250000000000000000000000
141.8000	0.909791660000000000000000000000
142.0000	0.909851710000000000000000000000
142.2000	0.909911410000000000000000000000
142.4000	0.909970760000000000000000000000
142.6000	0.910029760000000000000000000000
142.8000	0.910088410000000000000000000000
143.0000	0.910146710000000000000000000000
143.2000	0.910204680000000000000000000000
143.4000	0.910262300000000000000000000000
143.6000	0.910319580000000000000000000000
143.8000	0.910376530000000000000000000000
144.0000	0.910433140000000000000000000000
144.2000	0.910489420000000000000000000000
144.4000	0.910545370000000000000000000000
144.6000	0.910600980000000000000000000000
144.8000	0.910656270000000000000000000000
145.0000	0.910711240000000000000000000000
145.2000	0.910765880000000000000000000000
145.4000	0.910820200000000000000000000000
145.6000	0.910874200000000000000000000000
145.8000	0.910927890000000000000000000000
146.0000	0.910981260000000000000000000000
146.2000	0.911034310000000000000000000000
146.4000	0.911087050000000000000000000000
146.6000	0.911139480000000000000000000000
146.8000	0.911191610000000000000000000000
147.0000	0.911243420000000000000000000000
147.2000	0.911294940000000000000000000000
147.4000	0.911346140000000000000000000000
147.6000	0.911397050000000000000000000000
147.8000	0.911447660000000000000000000000
148.0000	0.911497970000000000000000000000
148.2000	0.911547980000000000000000000000
148.4000	0.911597700000000000000000000000
148.6000	0.911647130000000000000000000000
148.8000	0.911696270000000000000000000000
149.0000	0.911745120000000000000000000000
149.2000	0.911793680000000000000000000000
149.4000	0.911841950000000000000000000000
149.6000	0.911889940000000000000000000000
149.8000	0.911937650000000000000000000000
150.0000	0.911985080000000000000000000000
150.2000	0.912032230000000000000000000000
150.4000	0.912079100000000000000000000000
150.6000	0.912125690000000000000000000000
150.8000	0.912172020000000000000000000000
151.0000	0.912218060000000000000000000000
151.2000	0.912263840000000000000000000000
151.4000	0.912309350000000000000000000000
151.6000	0.912354590000000000000000000000
151.8000	0.912399570000000000000000000000
152.0000	0.912444280000000000000000000000
152.2000	0.912488730000000000000000000000
152.4000	0.912532910000000000000000000000
152.6000	0.912576840000000000000000000000
152.8000	0.912620510000000000000000000000
153.0000	0.912663920000000000000000000000
153.2000	0.912707070000000000000000000000
153.4000	0.912749970000000000000000000000
153.6000	0.912792620000000000000000000000
153.8000	0.912835020000000000000000000000
154.0000	0.912877170000000000000000000000
154.2000	0.912919070000000000000000000000
154.4000	0.912960730000000000000000000000
154.6000	0.913002140000000000000000000000
154.8000	0.913043300000000000000000000000
155.0000	0.913084220000000000000000000000
155.2000	0.913124910000000000000000000000
155.4000	0.913165350000000000000000000000
155.6000	0.913205560000000000000000000000
155.8000	0.913245530000000000000000000000
156.0000	0.913285260000000000000000000000
156.2000	0.913324760000000000000000000000
156.4000	0.913364030000000000000000000000
156.6000	0.913403070000000000000000000000
156.8000	0.913441870000000000000000000000
157.0000	0.913480450000000000000000000000
157.2000	0.913518800000000000000000000000
157.4000	0.913556930000000000000000000000
157.6000	0.913594830000000000000000000000
157.8000	0.913632510000000000000000000000
158.0000	0.913669970000000000000000000000
158.2000	0.913707210000000000000000000000
158.4000	0.913744230000000000000000000000
158.6000	0.913781030000000000000000000000
158.8000	0.913817610000000000000000000000
159.0000	0.913853980000000000000000000000
159.2000	0.913890130000000000000000000000
159.4000	0.913926070000000000000000000000
159.6000	0.913961810000000000000000000000
159.8000	0.913997330000000000000000000000
160.0000	0.914032640000000000000000000000
160.2000	0.914067740000000000000000000000
160.4000	0.914102640000000000000000000000
160.6000	0.914137330000000000000000000000
160.8000	0.914171820000000000000000000000
161.0000	0.914206100000000000000000000000
161.2000	0.914240190000000000000000000000
161.4000	0.914274070000000000000000000000
161.6000	0.914307750000000000000000000000
161.8000	0.914341240000000000000000000000
162.0000	0.914374530000000000000000000000
162.2000	0.914407620000000000000000000000
162.4000	0.914440520000000000000000000000
162.6000	0.914473220000000000000000000000
162.8000	0.914505730000000000000000000000
163.0000	0.914538050000000000000000000000
163.2000	0.914570190000000000000000000000
163.4000	0.914602130000000000000000000000
163.6000	0.914633880000000000000000000000
163.8000	0.914665450000000000000000000000
164.0000	0.914696830000000000000000000000
164.2000	0.914728030000000000000000000000
164.4000	0.914759040000000000000000000000
164.6000	0.914789870000000000000000000000
164.8000	0.914820520000000000000000000000
165.0000	0.914850990000000000000000000000
165.2000	0.914881280000000000000000000000
165.4000	0.914911390000000000000000000000
165.6000	0.914941320000000000000000000000
165.8000	0.914971080000000000000000000000
166.0000	0.915000660000000000000000000000
166.2000	0.915030070000000000000000000000
166.4000	0.915059310000000000000000000000
166.6000	0.915088370000000000000000000000
166.8000	0.915117270000000000000000000000
167.0000	0.915145990000000000000000000000
167.2000	0.915174540000000000000000000000
167.4000	0.915202930000000000000000000000
167.6000	0.915231150000000000000000000000
167.8000	0.915259200000000000000000000000
168.0000	0.915287090000000000000000000000
168.2000	0.915314820000000000000000000000
168.4000	0.915342380000000000000000000000
168.6000	0.915369780000000000000000000000
168.8000	0.915397010000000000000000000000
169.0000	0.915424090000000000000000000000
169.2000	0.915451010000000000000000000000
169.4000	0.915477770000000000000000000000
169.6000	0.915504370000000000000000000000
169.8000	0.915530820000000000000000000000
170.0000	0.915557110000000000000000000000
170.2000	0.915583250000000000000000000000
170.4000	0.915609230000000000000000000000
170.6000	0.915635060000000000000000000000
170.8000	0.915660730000000000000000000000
171.0000	0.915686260000000000000000000000
171.2000	0.915711640000000000000000000000
171.4000	0.915736860000000000000000000000
171.6000	0.915761940000000000000000000000
171.8000	0.915786870000000000000000000000
172.0000	0.915811660000000000000000000000
172.2000	0.915836300000000000000000000000
172.4000	0.915860790000000000000000000000
172.6000	0.915885140000000000000000000000
172.8000	0.915909350000000000000000000000
173.0000	0.915933410000000000000000000000
173.2000	0.915957330000000000000000000000
173.4000	0.915981110000000000000000000000
173.6000	0.916004750000000000000000000000
173.8000	0.916028260000000000000000000000
174.0000	0.916051620000000000000000000000
174.2000	0.916074850000000000000000000000
174.4000	0.916097940000000000000000000000
174.6000	0.916120890000000000000000000000
174.8000	0.916143710000000000000000000000
175.0000	0.916166400000000000000000000000
175.2000	0.916188950000000000000000000000
175.4000	0.916211370000000000000000000000
175.6000	0.916233650000000000000000000000
175.8000	0.916255810000000000000000000000
176.0000	0.916277840000000000000000000000
176.2000	0.916299730000000000000000000000
176.4000	0.916321500000000000000000000000
176.6000	0.916343140000000000000000000000
176.8000	0.916364650000000000000000000000
177.0000	0.916386040000000000000000000000
177.2000	0.916407300000000000000000000000
177.4000	0.916428430000000000000000000000
177.6000	0.916449440000000000000000000000
177.8000	0.916470330000000000000000000000
178.0000	0.916491090000000000000000000000
178.2000	0.916511730000000000000000000000
178.4000	0.916532250000000000000000000000
178.6000	0.916552650000000000000000000000
178.8000	0.916572930000000000000000000000
179.0000	0.916593090000000000000000000000
179.2000	0.916613130000000000000000000000
179.4000	0.916633060000000000000000000000
179.6000	0.916652860000000000000000000000
179.8000	0.916672550000000000000000000000
180.0000	0.916692130000000000000000000000
180.2000	0.916711590000000000000000000000
180.4000	0.916730930000000000000000000000
180.6000	0.916750160000000000000000000000
180.8000	0.916769280000000000000000000000
181.0000	0.916788290000000000000000000000
181.2000	0.916807180000000000000000000000
181.4000	0.916825960000000000000000000000
181.6000	0.916844630000000000000000000000
181.8000	0.916863190000000000000000000000
182.0000	0.916881650000000000000000000000
182.2000	0.916899990000000000000000000000
182.4000	0.916918230000000000000000000000
182.6000	0.916936360000000000000000000000
182.8000	0.916954380000000000000000000000
183.0000	0.916972290000000000000000000000
183.2000	0.916990110000000000000000000000
183.4000	0.917007810000000000000000000000
183.6000	0.917025410000000000000000000000
183.8000	0.917042910000000000000000000000
184.0000	0.917060310000000000000000000000
184.2000	0.917077600000000000000000000000
184.4000	0.917094790000000000000000000000
184.6000	0.917111880000000000000000000000
184.8000	0.917128870000000000000000000000
185.0000	0.917145760000000000000000000000
185.2000	0.917162550000000000000000000000
185.4000	0.917179240000000000000000000000
185.6000	0.917195840000000000000000000000
185.8000	0.917212330000000000000000000000
186.0000	0.917228730000000000000000000000
186.2000	0.917245030000000000000000000000
186.4000	0.917261240000000000000000000000
186.6000	0.917277350000000000000000000000
186.8000	0.917293370000000000000000000000
187.0000	0.917309290000000000000000000000
187.2000	0.917325120000000000000000000000
187.4000	0.917340850000000000000000000000
187.6000	0.917356500000000000000000000000
187.8000	0.917372050000000000000000000000
188.0000	0.917387510000000000000000000000
188.2000	0.917402880000000000000000000000
188.4000	0.917418150000000000000000000000
188.6000	0.917433340000000000000000000000
188.8000	0.917448440000000000000000000000
189.0000	0.917463450000000000000000000000
189.2000	0.917478370000000000000000000000
189.4000	0.917493210000000000000000000000
189.6000	0.917507950000000000000000000000
189.8000	0.917522610000000000000000000000
190.0000	0.917537180000000000000000000000
190.2000	0.917551670000000000000000000000
190.4000	0.917566080000000000000000000000
190.6000	0.917580390000000000000000000000
190.8000	0.917594630000000000000000000000
191.0000	0.917608780000000000000000000000
191.2000	0.917622840000000000000000000000
191.4000	0.917636830000000000000000000000
191.6000	0.917650730000000000000000000000
191.8000	0.917664550000000000000000000000
192.0000	0.917678290000000000000000000000
192.2000	0.917691950000000000000000000000
192.4000	0.917705520000000000000000000000
192.6000	0.917719020000000000000000000000
192.8000	0.917732440000000000000000000000
193.0000	0.917745780000000000000000000000
193.2000	0.917759040000000000000000000000
193.4000	0.917772220000000000000000000000
193.6000	0.917785330000000000000000000000
193.8000	0.917798350000000000000000000000
194.0000	0.917811310000000000000000000000
194.2000	0.917824180000000000000000000000
194.4000	0.917836980000000000000000000000
194.6000	0.917849710000000000000000000000
194.8000	0.917862350000000000000000000000
195.0000	0.917874930000000000000000000000
195.2000	0.917887430000000000000000000000
195.4000	0.917899860000000000000000000000
195.6000	0.917912210000000000000000000000
195.8000	0.917924490000000000000000000000
196.0000	0.917936700000000000000000000000
196.2000	0.917948840000000000000000000000
196.4000	0.917960910000000000000000000000
196.6000	0.917972900000000000000000000000
196.8000	0.917984830000000000000000000000
197.0000	0.917996680000000000000000000000
197.2000	0.918008470000000000000000000000
197.4000	0.918020180000000000000000000000
197.6000	0.918031830000000000000000000000
197.8000	0.918043410000000000000000000000
198.0000	0.918054920000000000000000000000
198.2000	0.918066360000000000000000000000
198.4000	0.918077730000000000000000000000
198.6000	0.918089040000000000000000000000
198.8000	0.918100280000000000000000000000
199.0000	0.918111460000000000000000000000
199.2000	0.918122570000000000000000000000
199.4000	0.918133610000000000000000000000
199.6000	0.918144590000000000000000000000
199.8000	0.918155510000000000000000000000
200.0000	0.918166360000000000000000000000
200.2000	0.918177140000000000000000000000
200.4000	0.918187870000000000000000000000
200.6000	0.918198530000000000000000000000
200.8000	0.918209120000000000000000000000
201.0000	0.918219660000000000000000000000
201.2000	0.918230130000000000000000000000
201.4000	0.918240540000000000000000000000
201.6000	0.918250890000000000000000000000
201.8000	0.918261180000000000000000000000
202.0000	0.918271410000000000000000000000
202.2000	0.918281580000000000000000000000
202.4000	0.918291690000000000000000000000
202.6000	0.918301740000000000000000000000
202.8000	0.918311730000000000000000000000
203.0000	0.918321660000000000000000000000
203.2000	0.918331530000000000000000000000
203.4000	0.918341350000000000000000000000
203.6000	0.918351110000000000000000000000
203.8000	0.918360810000000000000000000000
204.0000	0.918370450000000000000000000000
204.2000	0.918380030000000000000000000000
204.4000	0.918389560000000000000000000000
204.6000	0.918399040000000000000000000000
204.8000	0.918408460000000000000000000000
205.0000	0.918417820000000000000000000000
205.2000	0.918427130000000000000000000000
205.4000	0.918436380000000000000000000000
205.6000	0.918445580000000000000000000000
205.8000	0.918454720000000000000000000000
206.0000	0.918463810000000000000000000000
206.2000	0.918472850000000000000000000000
206.4000	0.918481830000000000000000000000
206.6000	0.918490760000000000000000000000
206.8000	0.918499640000000000000000000000
207.0000	0.918508470000000000000000000000
207.2000	0.918517240000000000000000000000
207.4000	0.918525960000000000000000000000
207.6000	0.918534630000000000000000000000
207.8000	0.918543250000000000000000000000
208.0000	0.918551820000000000000000000000
208.2000	0.918560340000000000000000000000
208.4000	0.918568810000000000000000000000
208.6000	0.918577230000000000000000000000
208.8000	0.918585600000000000000000000000
209.0000	0.918593920000000000000000000000
209.2000	0.918602190000000000000000000000
209.4000	0.918610420000000000000000000000
209.6000	0.918618590000000000000000000000
209.8000	0.918626720000000000000000000000
210.0000	0.918634790000000000000000000000
210.2000	0.918642830000000000000000000000
210.4000	0.918650810000000000000000000000
210.6000	0.918658750000000000000000000000
210.8000	0.918666640000000000000000000000
211.0000	0.918674480000000000000000000000
211.2000	0.918682280000000000000000000000
211.4000	0.918690030000000000000000000000
211.6000	0.918697740000000000000000000000
211.8000	0.918705400000000000000000000000
212.0000	0.918713010000000000000000000000
212.2000	0.918720580000000000000000000000
212.4000	0.918728110000000000000000000000
212.6000	0.918735590000000000000000000000
212.8000	0.918743030000000000000000000000
213.0000	0.918750420000000000000000000000
213.2000	0.918757770000000000000000000000
213.4000	0.918765080000000000000000000000
213.6000	0.918772350000000000000000000000
213.8000	0.918779570000000000000000000000
214.0000	0.918786750000000000000000000000
214.2000	0.918793880000000000000000000000
214.4000	0.918800980000000000000000000000
214.6000	0.918808030000000000000000000000
214.8000	0.918815040000000000000000000000
215.0000	0.918822020000000000000000000000
215.2000	0.918828950000000000000000000000
215.4000	0.918835830000000000000000000000
215.6000	0.918842680000000000000000000000
215.8000	0.918849490000000000000000000000
216.0000	0.918856260000000000000000000000
216.2000	0.918862990000000000000000000000
216.4000	0.918869680000000000000000000000
216.6000	0.918876320000000000000000000000
216.8000	0.918882930000000000000000000000
217.0000	0.918889510000000000000000000000
217.2000	0.918896040000000000000000000000
217.4000	0.918902530000000000000000000000
217.6000	0.918908990000000000000000000000
217.8000	0.918915410000000000000000000000
218.0000	0.918921790000000000000000000000
218.2000	0.918928130000000000000000000000
218.4000	0.918934440000000000000000000000
218.6000	0.918940700000000000000000000000
218.8000	0.918946930000000000000000000000
219.0000	0.918953130000000000000000000000
219.2000	0.918959290000000000000000000000
219.4000	0.918965410000000000000000000000
219.6000	0.918971500000000000000000000000
219.8000	0.918977550000000000000000000000
220.0000	0.918983560000000000000000000000
220.2000	0.918989540000000000000000000000
220.4000	0.918995480000000000000000000000
220.6000	0.919001390000000000000000000000
220.8000	0.919007270000000000000000000000
221.0000	0.919013110000000000000000000000
221.2000	0.919018910000000000000000000000
221.4000	0.919024690000000000000000000000
221.6000	0.919030420000000000000000000000
221.8000	0.919036130000000000000000000000
222.0000	0.919041800000000000000000000000
222.2000	0.919047430000000000000000000000
222.4000	0.919053040000000000000000000000
222.6000	0.919058610000000000000000000000
222.8000	0.919064150000000000000000000000
223.0000	0.919069650000000000000000000000
223.2000	0.919075120000000000000000000000
223.4000	0.919080560000000000000000000000
223.6000	0.919085970000000000000000000000
223.8000	0.919091350000000000000000000000
224.0000	0.919096690000000000000000000000
224.2000	0.919102010000000000000000000000
224.4000	0.919107290000000000000000000000
224.6000	0.919112540000000000000000000000
224.8000	0.919117760000000000000000000000
225.0000	0.919122950000000000000000000000
225.2000	0.919128110000000000000000000000
225.4000	0.919133240000000000000000000000
225.6000	0.919138340000000000000000000000
225.8000	0.919143410000000000000000000000
226.0000	0.919148450000000000000000000000
226.2000	0.919153460000000000000000000000
226.4000	0.919158440000000000000000000000
226.6000	0.919163390000000000000000000000
226.8000	0.919168310000000000000000000000
227.0000	0.919173200000000000000000000000
227.2000	0.919178070000000000000000000000
227.4000	0.919182900000000000000000000000
227.6000	0.919187710000000000000000000000
227.8000	0.919192490000000000000000000000
228.0000	0.919197240000000000000000000000
228.2000	0.919201960000000000000000000000
228.4000	0.919206650000000000000000000000
228.6000	0.919211320000000000000000000000
228.8000	0.919215960000000000000000000000
229.0000	0.919220570000000000000000000000
229.2000	0.919225160000000000000000000000
229.4000	0.919229720000000000000000000000
229.6000	0.919234250000000000000000000000
229.8000	0.919238750000000000000000000000
230.0000	0.919243230000000000000000000000
230.2000	0.919247680000000000000000000000
230.4000	0.919252110000000000000000000000
230.6000	0.919256510000000000000000000000
230.8000	0.919260880000000000000000000000
231.0000	0.919265230000000000000000000000
231.2000	0.919269550000000000000000000000
231.4000	0.919273850000000000000000000000
231.6000	0.919278120000000000000000000000
231.8000	0.919282370000000000000000000000
232.0000	0.919286590000000000000000000000
232.2000	0.919290780000000000000000000000
232.4000	0.919294960000000000000000000000
232.6000	0.919299100000000000000000000000
232.8000	0.919303230000000000000000000000
233.0000	0.919307330000000000000000000000
233.2000	0.919311400000000000000000000000
233.4000	0.919315450000000000000000000000
233.6000	0.919319480000000000000000000000
233.8000	0.919323480000000000000000000000
234.0000	0.919327460000000000000000000000
234.2000	0.919331420000000000000000000000
234.4000	0.919335350000000000000000000000
234.6000	0.919339260000000000000000000000
234.8000	0.919343150000000000000000000000
235.0000	0.919347010000000000000000000000
235.2000	0.919350850000000000000000000000
235.4000	0.919354670000000000000000000000
235.6000	0.919358470000000000000000000000
235.8000	0.919362240000000000000000000000
236.0000	0.919365990000000000000000000000
236.2000	0.919369720000000000000000000000
236.4000	0.919373430000000000000000000000
236.6000	0.919377120000000000000000000000
236.8000	0.919380780000000000000000000000
237.0000	0.919384420000000000000000000000
237.2000	0.919388040000000000000000000000
237.4000	0.919391640000000000000000000000
237.6000	0.919395220000000000000000000000
237.8000	0.919398780000000000000000000000
238.0000	0.919402320000000000000000000000
238.2000	0.919405830000000000000000000000
238.4000	0.919409330000000000000000000000
238.6000	0.919412800000000000000000000000
238.8000	0.919416260000000000000000000000
239.0000	0.919419690000000000000000000000
239.2000	0.919423100000000000000000000000
239.4000	0.919426500000000000000000000000
239.6000	0.919429870000000000000000000000
239.8000	0.919433230000000000000000000000
240.0000	0.919436560000000000000000000000
240.2000	0.919439870000000000000000000000
240.4000	0.919443170000000000000000000000
240.6000	0.919446450000000000000000000000
240.8000	0.919449700000000000000000000000
241.0000	0.919452940000000000000000000000
241.2000	0.919456160000000000000000000000
241.4000	0.919459360000000000000000000000
241.6000	0.919462540000000000000000000000
241.8000	0.919465700000000000000000000000
242.0000	0.919468840000000000000000000000
242.2000	0.919471970000000000000000000000
242.4000	0.919475070000000000000000000000
242.6000	0.919478160000000000000000000000
242.8000	0.919481230000000000000000000000
243.0000	0.919484280000000000000000000000
243.2000	0.919487320000000000000000000000
243.4000	0.919490330000000000000000000000
243.6000	0.919493330000000000000000000000
243.8000	0.919496310000000000000000000000
244.0000	0.919499270000000000000000000000
244.2000	0.919502220000000000000000000000
244.4000	0.919505150000000000000000000000
244.6000	0.919508060000000000000000000000
244.8000	0.919510950000000000000000000000
245.0000	0.919513830000000000000000000000
245.2000	0.919516690000000000000000000000
245.4000	0.919519530000000000000000000000
245.6000	0.919522360000000000000000000000
245.8000	0.919525170000000000000000000000
246.0000	0.919527960000000000000000000000
246.2000	0.919530740000000000000000000000
246.4000	0.919533500000000000000000000000
246.6000	0.919536240000000000000000000000
246.8000	0.919538970000000000000000000000
247.0000	0.919541680000000000000000000000
247.2000	0.919544380000000000000000000000
247.4000	0.919547060000000000000000000000
247.6000	0.919549720000000000000000000000
247.8000	0.919552370000000000000000000000
248.0000	0.919555010000000000000000000000
248.2000	0.919557620000000000000000000000
248.4000	0.919560230000000000000000000000
248.6000	0.919562810000000000000000000000
248.8000	0.919565390000000000000000000000
249.0000	0.919567940000000000000000000000
249.2000	0.919570480000000000000000000000
249.4000	0.919573010000000000000000000000
249.6000	0.919575520000000000000000000000
249.8000	0.919578020000000000000000000000
250.0000	0.919580500000000000000000000000
250.2000	0.919582970000000000000000000000
250.4000	0.919585420000000000000000000000
250.6000	0.919587860000000000000000000000
250.8000	0.919590290000000000000000000000
251.0000	0.919592700000000000000000000000
251.2000	0.919595090000000000000000000000
251.4000	0.919597470000000000000000000000
251.6000	0.919599840000000000000000000000
251.8000	0.919602200000000000000000000000
252.0000	0.919604540000000000000000000000
252.2000	0.919606860000000000000000000000
252.4000	0.919609170000000000000000000000
252.6000	0.919611470000000000000000000000
252.8000	0.919613760000000000000000000000
253.0000	0.919616030000000000000000000000
253.2000	0.919618290000000000000000000000
253.4000	0.919620540000000000000000000000
253.6000	0.919622770000000000000000000000
253.8000	0.919624990000000000000000000000
254.0000	0.919627190000000000000000000000
254.2000	0.919629390000000000000000000000
254.4000	0.919631570000000000000000000000
254.6000	0.919633730000000000000000000000
254.8000	0.919635890000000000000000000000
255.0000	0.919638030000000000000000000000
255.2000	0.919640160000000000000000000000
255.4000	0.919642280000000000000000000000
255.6000	0.919644380000000000000000000000
255.8000	0.919646470000000000000000000000
256.0000	0.919648550000000000000000000000
256.2000	0.919650620000000000000000000000
256.4000	0.919652680000000000000000000000
256.6000	0.919654720000000000000000000000
256.8000	0.919656750000000000000000000000
257.0000	0.919658770000000000000000000000
257.2000	0.919660780000000000000000000000
257.4000	0.919662770000000000000000000000
257.6000	0.919664760000000000000000000000
257.8000	0.919666730000000000000000000000
258.0000	0.919668690000000000000000000000
258.2000	0.919670640000000000000000000000
258.4000	0.919672570000000000000000000000
258.6000	0.919674500000000000000000000000
258.8000	0.919676420000000000000000000000
259.0000	0.919678320000000000000000000000
259.2000	0.919680210000000000000000000000
259.4000	0.919682090000000000000000000000
259.6000	0.919683960000000000000000000000
259.8000	0.919685820000000000000000000000
260.0000	0.919687670000000000000000000000
260.2000	0.919689510000000000000000000000
260.4000	0.919691330000000000000000000000
260.6000	0.919693150000000000000000000000
260.8000	0.919694950000000000000000000000
261.0000	0.919696750000000000000000000000
261.2000	0.919698530000000000000000000000
261.4000	0.919700310000000000000000000000
261.6000	0.919702070000000000000000000000
261.8000	0.919703820000000000000000000000
262.0000	0.919705560000000000000000000000
262.2000	0.919707300000000000000000000000
262.4000	0.919709020000000000000000000000
262.6000	0.919710730000000000000000000000
262.8000	0.919712430000000000000000000000
263.0000	0.919714120000000000000000000000
263.2000	0.919715810000000000000000000000
263.4000	0.919717480000000000000000000000
263.6000	0.919719140000000000000000000000
263.8000	0.919720790000000000000000000000
264.0000	0.919722430000000000000000000000
264.2000	0.919724070000000000000000000000
264.4000	0.919725690000000000000000000000
264.6000	0.919727300000000000000000000000
264.8000	0.919728910000000000000000000000
265.0000	0.919730500000000000000000000000
265.2000	0.919732090000000000000000000000
265.4000	0.919733660000000000000000000000
265.6000	0.919735230000000000000000000000
265.8000	0.919736790000000000000000000000
266.0000	0.919738340000000000000000000000
266.2000	0.919739880000000000000000000000
266.4000	0.919741410000000000000000000000
266.6000	0.919742930000000000000000000000
266.8000	0.919744440000000000000000000000
267.0000	0.919745940000000000000000000000
267.2000	0.919747440000000000000000000000
267.4000	0.919748920000000000000000000000
267.6000	0.919750400000000000000000000000
267.8000	0.919751870000000000000000000000
268.0000	0.919753330000000000000000000000
268.2000	0.919754780000000000000000000000
268.4000	0.919756220000000000000000000000
268.6000	0.919757660000000000000000000000
268.8000	0.919759080000000000000000000000
269.0000	0.919760500000000000000000000000
269.2000	0.919761910000000000000000000000
269.4000	0.919763310000000000000000000000
269.6000	0.919764700000000000000000000000
269.8000	0.919766080000000000000000000000
270.0000	0.919767460000000000000000000000
270.2000	0.919768830000000000000000000000
270.4000	0.919770190000000000000000000000
270.6000	0.919771540000000000000000000000
270.8000	0.919772880000000000000000000000
271.0000	0.919774220000000000000000000000
271.2000	0.919775550000000000000000000000
271.4000	0.919776870000000000000000000000
271.6000	0.919778180000000000000000000000
271.8000	0.919779490000000000000000000000
272.0000	0.919780780000000000000000000000
272.2000	0.919782070000000000000000000000
272.4000	0.919783350000000000000000000000
272.6000	0.919784630000000000000000000000
272.8000	0.919785900000000000000000000000
273.0000	0.919787160000000000000000000000
273.2000	0.919788410000000000000000000000
273.4000	0.919789650000000000000000000000
273.6000	0.919790890000000000000000000000
273.8000	0.919792120000000000000000000000
274.0000	0.919793340000000000000000000000
274.2000	0.919794560000000000000000000000
274.4000	0.919795770000000000000000000000
274.6000	0.919796970000000000000000000000
274.8000	0.919798160000000000000000000000
275.0000	0.919799350000000000000000000000
275.2000	0.919800530000000000000000000000
275.4000	0.919801700000000000000000000000
275.6000	0.919802870000000000000000000000
275.8000	0.919804030000000000000000000000
276.0000	0.919805180000000000000000000000
276.2000	0.919806330000000000000000000000
276.4000	0.919807470000000000000000000000
276.6000	0.919808600000000000000000000000
276.8000	0.919809730000000000000000000000
277.0000	0.919810850000000000000000000000
277.2000	0.919811960000000000000000000000
277.4000	0.919813070000000000000000000000
277.6000	0.919814160000000000000000000000
277.8000	0.919815260000000000000000000000
278.0000	0.919816340000000000000000000000
278.2000	0.919817430000000000000000000000
278.4000	0.919818500000000000000000000000
278.6000	0.919819570000000000000000000000
278.8000	0.919820630000000000000000000000
279.0000	0.919821680000000000000000000000
279.2000	0.919822730000000000000000000000
279.4000	0.919823780000000000000000000000
279.6000	0.919824810000000000000000000000
279.8000	0.919825840000000000000000000000
280.0000	0.919826870000000000000000000000
280.2000	0.919827890000000000000000000000
280.4000	0.919828900000000000000000000000
280.6000	0.919829900000000000000000000000
280.8000	0.919830910000000000000000000000
281.0000	0.919831900000000000000000000000
281.2000	0.919832890000000000000000000000
281.4000	0.919833870000000000000000000000
281.6000	0.919834850000000000000000000000
281.8000	0.919835820000000000000000000000
282.0000	0.919836790000000000000000000000
282.2000	0.919837750000000000000000000000
282.4000	0.919838700000000000000000000000
282.6000	0.919839650000000000000000000000
282.8000	0.919840590000000000000000000000
283.0000	0.919841530000000000000000000000
283.2000	0.919842460000000000000000000000
283.4000	0.919843390000000000000000000000
283.6000	0.919844310000000000000000000000
283.8000	0.919845230000000000000000000000
284.0000	0.919846140000000000000000000000
284.2000	0.919847040000000000000000000000
284.4000	0.919847940000000000000000000000
284.6000	0.919848840000000000000000000000
284.8000	0.919849730000000000000000000000
285.0000	0.919850610000000000000000000000
285.2000	0.919851490000000000000000000000
285.4000	0.919852360000000000000000000000
285.6000	0.919853230000000000000000000000
285.8000	0.919854090000000000000000000000
286.0000	0.919854950000000000000000000000
286.2000	0.919855810000000000000000000000
286.4000	0.919856650000000000000000000000
286.6000	0.919857500000000000000000000000
286.8000	0.919858340000000000000000000000
287.0000	0.919859170000000000000000000000
287.2000	0.919860000000000000000000000000
287.4000	0.919860820000000000000000000000
287.6000	0.919861640000000000000000000000
287.8000	0.919862450000000000000000000000
288.0000	0.919863260000000000000000000000
288.2000	0.919864070000000000000000000000
288.4000	0.919864870000000000000000000000
288.6000	0.919865660000000000000000000000
288.8000	0.919866450000000000000000000000
289.0000	0.919867240000000000000000000000
289.2000	0.919868020000000000000000000000
289.4000	0.919868800000000000000000000000
289.6000	0.919869570000000000000000000000
289.8000	0.919870330000000000000000000000
290.0000	0.919871100000000000000000000000
290.2000	0.919871860000000000000000000000
290.4000	0.919872610000000000000000000000
290.6000	0.919873360000000000000000000000
290.8000	0.919874100000000000000000000000
291.0000	0.919874840000000000000000000000
291.2000	0.919875580000000000000000000000
291.4000	0.919876310000000000000000000000
291.6000	0.919877040000000000000000000000
291.8000	0.919877760000000000000000000000
292.0000	0.919878480000000000000000000000
292.2000	0.919879200000000000000000000000
292.4000	0.919879910000000000000000000000
292.6000	0.919880610000000000000000000000
292.8000	0.919881320000000000000000000000
293.0000	0.919882010000000000000000000000
293.2000	0.919882710000000000000000000000
293.4000	0.919883400000000000000000000000
293.6000	0.919884080000000000000000000000
293.8000	0.919884770000000000000000000000
294.0000	0.919885440000000000000000000000
294.2000	0.919886120000000000000000000000
294.4000	0.919886790000000000000000000000
294.6000	0.919887450000000000000000000000
294.8000	0.919888120000000000000000000000
295.0000	0.919888770000000000000000000000
295.2000	0.919889430000000000000000000000
295.4000	0.919890080000000000000000000000
295.6000	0.919890730000000000000000000000
295.8000	0.919891370000000000000000000000
296.0000	0.919892010000000000000000000000
296.2000	0.919892640000000000000000000000
296.4000	0.919893270000000000000000000000
296.6000	0.919893900000000000000000000000
296.8000	0.919894530000000000000000000000
297.0000	0.919895150000000000000000000000
297.2000	0.919895760000000000000000000000
297.4000	0.919896380000000000000000000000
297.6000	0.919896990000000000000000000000
297.8000	0.919897590000000000000000000000
298.0000	0.919898190000000000000000000000
298.2000	0.919898790000000000000000000000
298.4000	0.919899390000000000000000000000
298.6000	0.919899980000000000000000000000
298.8000	0.919900570000000000000000000000
299.0000	0.919901150000000000000000000000
299.2000	0.919901740000000000000000000000
299.4000	0.919902310000000000000000000000
299.6000	0.919902890000000000000000000000
299.8000	0.919903460000000000000000000000
300.0000	0.919904030000000000000000000000
300.2000	0.919904590000000000000000000000
300.4000	0.919905150000000000000000000000
300.6000	0.919905710000000000000000000000
300.8000	0.919906270000000000000000000000
301.0000	0.919906820000000000000000000000
301.2000	0.919907370000000000000000000000
301.4000	0.919907910000000000000000000000
301.6000	0.919908450000000000000000000000
301.8000	0.919908990000000000000000000000
302.0000	0.919909530000000000000000000000
302.2000	0.919910060000000000000000000000
302.4000	0.919910590000000000000000000000
302.6000	0.919911110000000000000000000000
302.8000	0.919911640000000000000000000000
303.0000	0.919912160000000000000000000000
303.2000	0.919912670000000000000000000000
303.4000	0.919913190000000000000000000000
303.6000	0.919913700000000000000000000000
303.8000	0.919914210000000000000000000000
304.0000	0.919914710000000000000000000000
304.2000	0.919915210000000000000000000000
304.4000	0.919915710000000000000000000000
304.6000	0.919916210000000000000000000000
304.8000	0.919916700000000000000000000000
305.0000	0.919917190000000000000000000000
305.2000	0.919917680000000000000000000000
305.4000	0.919918160000000000000000000000
305.6000	0.919918640000000000000000000000
305.8000	0.919919120000000000000000000000
306.0000	0.919919600000000000000000000000
306.2000	0.919920070000000000000000000000
306.4000	0.919920540000000000000000000000
306.6000	0.919921010000000000000000000000
306.8000	0.919921470000000000000000000000
307.0000	0.919921930000000000000000000000
307.2000	0.919922390000000000000000000000
307.4000	0.919922850000000000000000000000
307.6000	0.919923300000000000000000000000
307.8000	0.919923750000000000000000000000
308.0000	0.919924200000000000000000000000
308.2000	0.919924650000000000000000000000
308.4000	0.919925090000000000000000000000
308.6000	0.919925530000000000000000000000
308.8000	0.919925970000000000000000000000
309.0000	0.919926410000000000000000000000
309.2000	0.919926840000000000000000000000
309.4000	0.919927270000000000000000000000
309.6000	0.919927700000000000000000000000
309.8000	0.919928120000000000000000000000
310.0000	0.919928550000000000000000000000
310.2000	0.919928970000000000000000000000
310.4000	0.919929380000000000000000000000
310.6000	0.919929800000000000000000000000
310.8000	0.919930210000000000000000000000
311.0000	0.919930620000000000000000000000
311.2000	0.919931030000000000000000000000
311.4000	0.919931440000000000000000000000
311.6000	0.919931840000000000000000000000
311.8000	0.919932240000000000000000000000
312.0000	0.919932640000000000000000000000
312.2000	0.919933040000000000000000000000
312.4000	0.919933430000000000000000000000
312.6000	0.919933820000000000000000000000
312.8000	0.919934210000000000000000000000
313.0000	0.919934600000000000000000000000
313.2000	0.919934980000000000000000000000
313.4000	0.919935360000000000000000000000
313.6000	0.919935740000000000000000000000
313.8000	0.919936120000000000000000000000
314.0000	0.919936500000000000000000000000
314.2000	0.919936870000000000000000000000
314.4000	0.919937240000000000000000000000
314.6000	0.919937610000000000000000000000
314.8000	0.919937980000000000000000000000
315.0000	0.919938340000000000000000000000
315.2000	0.919938710000000000000000000000
315.4000	0.919939070000000000000000000000
315.6000	0.919939430000000000000000000000
315.8000	0.919939780000000000000000000000
316.0000	0.919940140000000000000000000000
316.2000	0.919940490000000000000000000000
316.4000	0.919940840000000000000000000000
316.6000	0.919941190000000000000000000000
316.8000	0.919941530000000000000000000000
317.0000	0.919941880000000000000000000000
317.2000	0.919942220000000000000000000000
317.4000	0.919942560000000000000000000000
317.6000	0.919942900000000000000000000000
317.8000	0.919943230000000000000000000000
318.0000	0.919943570000000000000000000000
318.2000	0.919943900000000000000000000000
318.4000	0.919944230000000000000000000000
318.6000	0.919944560000000000000000000000
318.8000	0.919944880000000000000000000000
319.0000	0.919945210000000000000000000000
319.2000	0.919945530000000000000000000000
319.4000	0.919945850000000000000000000000
319.6000	0.919946170000000000000000000000
319.8000	0.919946490000000000000000000000
320.0000	0.919946800000000000000000000000
320.2000	0.919947110000000000000000000000
320.4000	0.919947420000000000000000000000
320.6000	0.919947730000000000000000000000
320.8000	0.919948040000000000000000000000
321.0000	0.919948350000000000000000000000
321.2000	0.919948650000000000000000000000
321.4000	0.919948950000000000000000000000
321.6000	0.919949250000000000000000000000
321.8000	0.919949550000000000000000000000
322.0000	0.919949850000000000000000000000
322.2000	0.919950140000000000000000000000
322.4000	0.919950440000000000000000000000
322.6000	0.919950730000000000000000000000
322.8000	0.919951020000000000000000000000
323.0000	0.919951310000000000000000000000
323.2000	0.919951590000000000000000000000
323.4000	0.919951880000000000000000000000
323.6000	0.919952160000000000000000000000
323.8000	0.919952440000000000000000000000
324.0000	0.919952720000000000000000000000
324.2000	0.919953000000000000000000000000
324.4000	0.919953280000000000000000000000
324.6000	0.919953550000000000000000000000
324.8000	0.919953820000000000000000000000
325.0000	0.919954100000000000000000000000
325.2000	0.919954370000000000000000000000
325.4000	0.919954630000000000000000000000
325.6000	0.919954900000000000000000000000
325.8000	0.919955170000000000000000000000
326.0000	0.919955430000000000000000000000
326.2000	0.919955690000000000000000000000
326.4000	0.919955950000000000000000000000
326.6000	0.919956210000000000000000000000
326.8000	0.919956470000000000000000000000
327.0000	0.919956730000000000000000000000
327.2000	0.919956980000000000000000000000
327.4000	0.919957230000000000000000000000
327.6000	0.919957480000000000000000000000
327.8000	0.919957730000000000000000000000
328.0000	0.919957980000000000000000000000
328.2000	0.919958230000000000000000000000
328.4000	0.919958480000000000000000000000
328.6000	0.919958720000000000000000000000
328.8000	0.919958960000000000000000000000
329.0000	0.919959200000000000000000000000
329.2000	0.919959440000000000000000000000
329.4000	0.919959680000000000000000000000
329.6000	0.919959920000000000000000000000
329.8000	0.919960160000000000000000000000
330.0000	0.919960390000000000000000000000
330.2000	0.919960620000000000000000000000
330.4000	0.919960860000000000000000000000
330.6000	0.919961090000000000000000000000
330.8000	0.919961310000000000000000000000
331.0000	0.919961540000000000000000000000
331.2000	0.919961770000000000000000000000
331.4000	0.919961990000000000000000000000
331.6000	0.919962220000000000000000000000
331.8000	0.919962440000000000000000000000
332.0000	0.919962660000000000000000000000
332.2000	0.919962880000000000000000000000
332.4000	0.919963100000000000000000000000
332.6000	0.919963320000000000000000000000
332.8000	0.919963530000000000000000000000
333.0000	0.919963750000000000000000000000
333.2000	0.919963960000000000000000000000
333.4000	0.919964170000000000000000000000
333.6000	0.919964380000000000000000000000
333.8000	0.919964590000000000000000000000
334.0000	0.919964800000000000000000000000
334.2000	0.919965010000000000000000000000
334.4000	0.919965210000000000000000000000
334.6000	0.919965420000000000000000000000
334.8000	0.919965620000000000000000000000
335.0000	0.919965820000000000000000000000
335.2000	0.919966020000000000000000000000
335.4000	0.919966220000000000000000000000
335.6000	0.919966420000000000000000000000
335.8000	0.919966620000000000000000000000
336.0000	0.919966820000000000000000000000
336.2000	0.919967010000000000000000000000
336.4000	0.919967210000000000000000000000
336.6000	0.919967400000000000000000000000
336.8000	0.919967590000000000000000000000
337.0000	0.919967780000000000000000000000
337.2000	0.919967970000000000000000000000
337.4000	0.919968160000000000000000000000
337.6000	0.919968350000000000000000000000
337.8000	0.919968530000000000000000000000
338.0000	0.919968720000000000000000000000
338.2000	0.919968900000000000000000000000
338.4000	0.919969080000000000000000000000
338.6000	0.919969270000000000000000000000
338.8000	0.919969450000000000000000000000
339.0000	0.919969630000000000000000000000
339.2000	0.919969810000000000000000000000
339.4000	0.919969980000000000000000000000
339.6000	0.919970160000000000000000000000
339.8000	0.919970340000000000000000000000
340.0000	0.919970510000000000000000000000
340.2000	0.919970680000000000000000000000
340.4000	0.919970860000000000000000000000
340.6000	0.919971030000000000000000000000
340.8000	0.919971200000000000000000000000
341.0000	0.919971370000000000000000000000
341.2000	0.919971540000000000000000000000
341.4000	0.919971700000000000000000000000
341.6000	0.919971870000000000000000000000
341.8000	0.919972030000000000000000000000
342.0000	0.919972200000000000000000000000
342.2000	0.919972360000000000000000000000
342.4000	0.919972530000000000000000000000
342.6000	0.919972690000000000000000000000
342.8000	0.919972850000000000000000000000
343.0000	0.919973010000000000000000000000
343.2000	0.919973170000000000000000000000
343.4000	0.919973320000000000000000000000
343.6000	0.919973480000000000000000000000
343.8000	0.919973640000000000000000000000
344.0000	0.919973790000000000000000000000
344.2000	0.919973950000000000000000000000
344.4000	0.919974100000000000000000000000
344.6000	0.919974250000000000000000000000
344.8000	0.919974400000000000000000000000
345.0000	0.919974550000000000000000000000
345.2000	0.919974700000000000000000000000
345.4000	0.919974850000000000000000000000
345.6000	0.919975000000000000000000000000
345.8000	0.919975150000000000000000000000
346.0000	0.919975290000000000000000000000
346.2000	0.919975440000000000000000000000
346.4000	0.919975580000000000000000000000
346.6000	0.919975730000000000000000000000
346.8000	0.919975870000000000000000000000
347.0000	0.919976010000000000000000000000
347.2000	0.919976150000000000000000000000
347.4000	0.919976290000000000000000000000
347.6000	0.919976430000000000000000000000
347.8000	0.919976570000000000000000000000
348.0000	0.919976710000000000000000000000
348.2000	0.919976850000000000000000000000
348.4000	0.919976980000000000000000000000
348.6000	0.919977120000000000000000000000
348.8000	0.919977250000000000000000000000
349.0000	0.919977390000000000000000000000
349.2000	0.919977520000000000000000000000
349.4000	0.919977650000000000000000000000
349.6000	0.919977780000000000000000000000
349.8000	0.919977910000000000000000000000
350.0000	0.919978040000000000000000000000
350.2000	0.919978170000000000000000000000
350.4000	0.919978300000000000000000000000
350.6000	0.919978430000000000000000000000
350.8000	0.919978560000000000000000000000
351.0000	0.919978680000000000000000000000
351.2000	0.919978810000000000000000000000
351.4000	0.919978930000000000000000000000
351.6000	0.919979060000000000000000000000
351.8000	0.919979180000000000000000000000
352.0000	0.919979300000000000000000000000
352.2000	0.919979420000000000000000000000
352.4000	0.919979540000000000000000000000
352.6000	0.919979660000000000000000000000
352.8000	0.919979780000000000000000000000
353.0000	0.919979900000000000000000000000
353.2000	0.919980020000000000000000000000
353.4000	0.919980140000000000000000000000
353.6000	0.919980260000000000000000000000
353.8000	0.919980370000000000000000000000
354.0000	0.919980490000000000000000000000
354.2000	0.919980600000000000000000000000
354.4000	0.919980720000000000000000000000
354.6000	0.919980830000000000000000000000
354.8000	0.919980940000000000000000000000
355.0000	0.919981050000000000000000000000
355.2000	0.919981170000000000000000000000
355.4000	0.919981280000000000000000000000
355.6000	0.919981390000000000000000000000
355.8000	0.919981500000000000000000000000
356.0000	0.919981610000000000000000000000
356.2000	0.919981710000000000000000000000
356.4000	0.919981820000000000000000000000
356.6000	0.919981930000000000000000000000
356.8000	0.919982030000000000000000000000
357.0000	0.919982140000000000000000000000
357.2000	0.919982250000000000000000000000
357.4000	0.919982350000000000000000000000
357.6000	0.919982450000000000000000000000
357.8000	0.919982560000000000000000000000
358.0000	0.919982660000000000000000000000
358.2000	0.919982760000000000000000000000
358.4000	0.919982860000000000000000000000
358.6000	0.919982960000000000000000000000
358.8000	0.919983060000000000000000000000
359.0000	0.919983160000000000000000000000
359.2000	0.919983260000000000000000000000
359.4000	0.919983360000000000000000000000
359.6000	0.919983460000000000000000000000
359.8000	0.919983560000000000000000000000
360.0000	0.919983650000000000000000000000
360.2000	0.919983750000000000000000000000
360.4000	0.919983840000000000000000000000
360.6000	0.919983940000000000000000000000
360.8000	0.919984030000000000000000000000
361.0000	0.919984130000000000000000000000
361.2000	0.919984220000000000000000000000
361.4000	0.919984310000000000000000000000
361.6000	0.919984410000000000000000000000
361.8000	0.919984500000000000000000000000
362.0000	0.919984590000000000000000000000
362.2000	0.919984680000000000000000000000
362.4000	0.919984770000000000000000000000
362.6000	0.919984860000000000000000000000
362.8000	0.919984950000000000000000000000
363.0000	0.919985040000000000000000000000
363.2000	0.919985130000000000000000000000
363.4000	0.919985210000000000000000000000
363.6000	0.919985300000000000000000000000
363.8000	0.919985390000000000000000000000
364.0000	0.919985470000000000000000000000
364.2000	0.919985560000000000000000000000
364.4000	0.919985640000000000000000000000
364.6000	0.919985730000000000000000000000
364.8000	0.919985810000000000000000000000
365.0000	0.919985890000000000000000000000
365.2000	0.919985980000000000000000000000
365.4000	0.919986060000000000000000000000
365.6000	0.919986140000000000000000000000
365.8000	0.919986220000000000000000000000
366.0000	0.919986300000000000000000000000
366.2000	0.919986390000000000000000000000
366.4000	0.919986470000000000000000000000
366.6000	0.919986540000000000000000000000
366.8000	0.919986620000000000000000000000
367.0000	0.919986700000000000000000000000
367.2000	0.919986780000000000000000000000
367.4000	0.919986860000000000000000000000
367.6000	0.919986940000000000000000000000
367.8000	0.919987010000000000000000000000
368.0000	0.919987090000000000000000000000
368.2000	0.919987170000000000000000000000
368.4000	0.919987240000000000000000000000
368.6000	0.919987320000000000000000000000
368.8000	0.919987390000000000000000000000
369.0000	0.919987460000000000000000000000
369.2000	0.919987540000000000000000000000
369.4000	0.919987610000000000000000000000
369.6000	0.919987680000000000000000000000
369.8000	0.919987760000000000000000000000
370.0000	0.919987830000000000000000000000
370.2000	0.919987900000000000000000000000
370.4000	0.919987970000000000000000000000
370.6000	0.919988040000000000000000000000
370.8000	0.919988110000000000000000000000
371.0000	0.919988180000000000000000000000
371.2000	0.919988250000000000000000000000
371.4000	0.919988320000000000000000000000
371.6000	0.919988390000000000000000000000
371.8000	0.919988460000000000000000000000
372.0000	0.919988530000000000000000000000
372.2000	0.919988590000000000000000000000
372.4000	0.919988660000000000000000000000
372.6000	0.919988730000000000000000000000
372.8000	0.919988790000000000000000000000
373.0000	0.919988860000000000000000000000
373.2000	0.919988930000000000000000000000
373.4000	0.919988990000000000000000000000
373.6000	0.919989060000000000000000000000
373.8000	0.919989120000000000000000000000
374.0000	0.919989180000000000000000000000
374.2000	0.919989250000000000000000000000
374.4000	0.919989310000000000000000000000
374.6000	0.919989370000000000000000000000
374.8000	0.919989440000000000000000000000
375.0000	0.919989500000000000000000000000
375.2000	0.919989560000000000000000000000
375.4000	0.919989620000000000000000000000
375.6000	0.919989680000000000000000000000
375.8000	0.919989740000000000000000000000
376.0000	0.919989800000000000000000000000
376.2000	0.919989860000000000000000000000
376.4000	0.919989920000000000000000000000
376.6000	0.919989980000000000000000000000
376.8000	0.919990040000000000000000000000
377.0000	0.919990100000000000000000000000
377.2000	0.919990160000000000000000000000
377.4000	0.919990220000000000000000000000
377.6000	0.919990270000000000000000000000
377.8000	0.919990330000000000000000000000
378.0000	0.919990390000000000000000000000
378.2000	0.919990440000000000000000000000
378.4000	0.919990500000000000000000000000
378.6000	0.919990560000000000000000000000
378.8000	0.919990610000000000000000000000
379.0000	0.919990670000000000000000000000
379.2000	0.919990720000000000000000000000
379.4000	0.919990780000000000000000000000
379.6000	0.919990830000000000000000000000
379.8000	0.919990880000000000000000000000
380.0000	0.919990940000000000000000000000
380.2000	0.919990990000000000000000000000
380.4000	0.919991040000000000000000000000
380.6000	0.919991100000000000000000000000
380.8000	0.919991150000000000000000000000
381.0000	0.919991200000000000000000000000
381.2000	0.919991250000000000000000000000
381.4000	0.919991300000000000000000000000
381.6000	0.919991360000000000000000000000
381.8000	0.919991410000000000000000000000
382.0000	0.919991460000000000000000000000
382.2000	0.919991510000000000000000000000
382.4000	0.919991560000000000000000000000
382.6000	0.919991610000000000000000000000
382.8000	0.919991660000000000000000000000
383.0000	0.919991710000000000000000000000
383.2000	0.919991750000000000000000000000
383.4000	0.919991800000000000000000000000
383.6000	0.919991850000000000000000000000
383.8000	0.919991900000000000000000000000
384.0000	0.919991950000000000000000000000
384.2000	0.919991990000000000000000000000
384.4000	0.919992040000000000000000000000
384.6000	0.919992090000000000000000000000
384.8000	0.919992130000000000000000000000
385.0000	0.919992180000000000000000000000
385.2000	0.919992230000000000000000000000
385.4000	0.919992270000000000000000000000
385.6000	0.919992320000000000000000000000
385.8000	0.919992360000000000000000000000
386.0000	0.919992410000000000000000000000
386.2000	0.919992450000000000000000000000
386.4000	0.919992500000000000000000000000
386.6000	0.919992540000000000000000000000
386.8000	0.919992590000000000000000000000
387.0000	0.919992630000000000000000000000
387.2000	0.919992670000000000000000000000
387.4000	0.919992720000000000000000000000
387.6000	0.919992760000000000000000000000
387.8000	0.919992800000000000000000000000
388.0000	0.919992840000000000000000000000
388.2000	0.919992890000000000000000000000
388.4000	0.919992930000000000000000000000
388.6000	0.919992970000000000000000000000
388.8000	0.919993010000000000000000000000
389.0000	0.919993050000000000000000000000
389.2000	0.919993090000000000000000000000
389.4000	0.919993130000000000000000000000
389.6000	0.919993170000000000000000000000
389.8000	0.919993210000000000000000000000
390.0000	0.919993250000000000000000000000
390.2000	0.919993290000000000000000000000
390.4000	0.919993330000000000000000000000
390.6000	0.919993370000000000000000000000
390.8000	0.919993410000000000000000000000
391.0000	0.919993450000000000000000000000
391.2000	0.919993490000000000000000000000
391.4000	0.919993530000000000000000000000
391.6000	0.919993560000000000000000000000
391.8000	0.919993600000000000000000000000
392.0000	0.919993640000000000000000000000
392.2000	0.919993680000000000000000000000
392.4000	0.919993710000000000000000000000
392.6000	0.919993750000000000000000000000
392.8000	0.919993790000000000000000000000
393.0000	0.919993820000000000000000000000
393.2000	0.919993860000000000000000000000
393.4000	0.919993900000000000000000000000
393.6000	0.919993930000000000000000000000
393.8000	0.919993970000000000000000000000
394.0000	0.919994000000000000000000000000
394.2000	0.919994040000000000000000000000
394.4000	0.919994070000000000000000000000
394.6000	0.919994110000000000000000000000
394.8000	0.919994140000000000000000000000
395.0000	0.919994180000000000000000000000
395.2000	0.919994210000000000000000000000
395.4000	0.919994250000000000000000000000
395.6000	0.919994280000000000000000000000
395.8000	0.919994310000000000000000000000
396.0000	0.919994350000000000000000000000
396.2000	0.919994380000000000000000000000
396.4000	0.919994410000000000000000000000
396.6000	0.919994450000000000000000000000
396.8000	0.919994480000000000000000000000
397.0000	0.919994510000000000000000000000
397.2000	0.919994540000000000000000000000
397.4000	0.919994580000000000000000000000
397.6000	0.919994610000000000000000000000
397.8000	0.919994640000000000000000000000
398.0000	0.919994670000000000000000000000
398.2000	0.919994700000000000000000000000
398.4000	0.919994730000000000000000000000
398.6000	0.919994770000000000000000000000
398.8000	0.919994800000000000000000000000
399.0000	0.919994830000000000000000000000
399.2000	0.919994860000000000000000000000
399.4000	0.919994890000000000000000000000
399.6000	0.919994920000000000000000000000
399.8000	0.919994950000000000000000000000
400.0000	0.919994980000000000000000000000