0.0000	0.900000000000000000000000000000
0.2500	0.900000000000000000000000000000
0.5000	0.899891360000000000000000000000
0.7500	0.899223360000000000000000000000
1.0000	0.897892450000000000000000000000
1.2500	0.896172740000000000000000000000
1.5000	0.894740180000000000000000000000
1.7500	0.893002790000000000000000000000
2.0000	0.890918920000000000000000000000
2.2500	0.888446130000000000000000000000
2.5000	0.885589070000000000000000000000
2.7500	0.882361010000000000000000000000
3.0000	0.878774360000000000000000000000
3.2500	0.874842150000000000000000000000
3.5000	0.870582420000000000000000000000
3.7500	0.865910490000000000000000000000
4.0000	0.860828130000000000000000000000
4.2500	0.855342090000000000000000000000
4.5000	0.849464380000000000000000000000
4.7500	0.843212320000000000000000000000
5.0000	0.836607060000000000000000000000
5.2500	0.829673540000000000000000000000
5.5000	0.822434390000000000000000000000
5.7500	0.814909890000000000000000000000
6.0000	0.807127130000000000000000000000
6.2500	0.799114860000000000000000000000
6.5000	0.790901720000000000000000000000
6.7500	0.782516040000000000000000000000
7.0000	0.773985600000000000000000000000
7.2500	0.765337430000000000000000000000
7.5000	0.756597550000000000000000000000
7.7500	0.747790780000000000000000000000
8.0000	0.738940490000000000000000000000
8.2500	0.730068360000000000000000000000
8.5000	0.721194370000000000000000000000
8.7500	0.712337040000000000000000000000
9.0000	0.703513400000000000000000000000
9.2500	0.694740440000000000000000000000
9.5000	0.686035040000000000000000000000
9.7500	0.677413890000000000000000000000
10.0000	0.668893450000000000000000000000
10.2500	0.660489910000000000000000000000
10.5000	0.652219150000000000000000000000
10.7500	0.644096740000000000000000000000
11.0000	0.636137930000000000000000000000
11.2500	0.628357480000000000000000000000
11.5000	0.620769190000000000000000000000
11.7500	0.613385900000000000000000000000
12.0000	0.606219530000000000000000000000
12.2500	0.599281100000000000000000000000
12.5000	0.592580770000000000000000000000
12.7500	0.586127590000000000000000000000
13.0000	0.579928480000000000000000000000
13.2500	0.573988320000000000000000000000
13.5000	0.568309920000000000000000000000
13.7500	0.562894140000000000000000000000
14.0000	0.557739900000000000000000000000
14.2500	0.552844230000000000000000000000
14.5000	0.548202320000000000000000000000
14.7500	0.543807530000000000000000000000
15.0000	0.539651490000000000000000000000
15.2500	0.535724080000000000000000000000
15.5000	0.532013760000000000000000000000
15.7500	0.528508720000000000000000000000
16.0000	0.525196820000000000000000000000
16.2500	0.522065680000000000000000000000
16.5000	0.519102670000000000000000000000
16.7500	0.516294960000000000000000000000
17.0000	0.513629670000000000000000000000
17.2500	0.511094450000000000000000000000
17.5000	0.508677480000000000000000000000
17.7500	0.506367500000000000000000000000
18.0000	0.504153840000000000000000000000
18.2500	0.502026460000000000000000000000
18.5000	0.499975960000000000000000000000
18.7500	0.497993600000000000000000000000
19.0000	0.496071360000000000000000000000
19.2500	0.494201960000000000000000000000
19.5000	0.492378880000000000000000000000
19.7500	0.490596240000000000000000000000
20.0000	0.488848350000000000000000000000
20.2500	0.487129670000000000000000000000
20.5000	0.485434910000000000000000000000
20.7500	0.483759040000000000000000000000
21.0000	0.482097290000000000000000000000
21.2500	0.480445230000000000000000000000
21.5000	0.478798740000000000000000000000
21.7500	0.477154070000000000000000000000
22.0000	0.475507860000000000000000000000
22.2500	0.473857130000000000000000000000
22.5000	0.472199310000000000000000000000
22.7500	0.470532220000000000000000000000
23.0000	0.468854110000000000000000000000
23.2500	0.467163640000000000000000000000
23.5000	0.465459870000000000000000000000
23.7500	0.463742250000000000000000000000
24.0000	0.462010600000000000000000000000
24.2500	0.460265110000000000000000000000
24.5000	0.458506270000000000000000000000
24.7500	0.456734920000000000000000000000
25.0000	0.454952130000000000000000000000
25.2500	0.453159220000000000000000000000
25.5000	0.451357730000000000000000000000
25.7500	0.449549350000000000000000000000
26.0000	0.447735880000000000000000000000
26.2500	0.445919230000000000000000000000
26.5000	0.444101350000000000000000000000
26.7500	0.442284190000000000000000000000
27.0000	0.440469670000000000000000000000
27.2500	0.438659660000000000000000000000
27.5000	0.436855920000000000000000000000
27.7500	0.435060100000000000000000000000
28.0000	0.433273690000000000000000000000
28.2500	0.431498010000000000000000000000
28.5000	0.429734190000000000000000000000
28.7500	0.427983170000000000000000000000
29.0000	0.426245660000000000000000000000
29.2500	0.424522180000000000000000000000
29.5000	0.422812990000000000000000000000
29.7500	0.421118190000000000000000000000
30.0000	0.419437630000000000000000000000
30.2500	0.417770980000000000000000000000
30.5000	0.416117720000000000000000000000
30.7500	0.414477170000000000000000000000
31.0000	0.412848480000000000000000000000
31.2500	0.411230660000000000000000000000
31.5000	0.409622610000000000000000000000
31.7500	0.408023120000000000000000000000
32.0000	0.406430890000000000000000000000
32.2500	0.404844570000000000000000000000
32.5000	0.403262750000000000000000000000
32.7500	0.401683970000000000000000000000
33.0000	0.400106770000000000000000000000
33.2500	0.398529660000000000000000000000
33.5000	0.396951170000000000000000000000
33.7500	0.395369820000000000000000000000
34.0000	0.393784180000000000000000000000
34.2500	0.392192820000000000000000000000
34.5000	0.390594330000000000000000000000
34.7500	0.388987360000000000000000000000
35.0000	0.387370590000000000000000000000
35.2500	0.385742740000000000000000000000
35.5000	0.384102550000000000000000000000
35.7500	0.382448830000000000000000000000
36.0000	0.380780410000000000000000000000
36.2500	0.379096200000000000000000000000
36.5000	0.377395120000000000000000000000
36.7500	0.375676140000000000000000000000
37.0000	0.373938290000000000000000000000
37.2500	0.372180650000000000000000000000
37.5000	0.370402320000000000000000000000
37.7500	0.368602500000000000000000000000
38.0000	0.366780390000000000000000000000
38.2500	0.364935270000000000000000000000
38.5000	0.363066470000000000000000000000
38.7500	0.361173370000000000000000000000
39.0000	0.359255420000000000000000000000
39.2500	0.357312090000000000000000000000
39.5000	0.355342940000000000000000000000
39.7500	0.353347580000000000000000000000
40.0000	0.351325660000000000000000000000
40.2500	0.349276890000000000000000000000
40.5000	0.347201030000000000000000000000
40.7500	0.345097890000000000000000000000
41.0000	0.342967340000000000000000000000
41.2500	0.340809270000000000000000000000
41.5000	0.338623640000000000000000000000
41.7500	0.336410420000000000000000000000
42.0000	0.334169660000000000000000000000
42.2500	0.331901390000000000000000000000
42.5000	0.329605710000000000000000000000
42.7500	0.327282750000000000000000000000
43.0000	0.324932630000000000000000000000
43.2500	0.322555520000000000000000000000
43.5000	0.320151620000000000000000000000
43.7500	0.317721110000000000000000000000
44.0000	0.315264210000000000000000000000
44.2500	0.312781150000000000000000000000
44.5000	0.310272170000000000000000000000
44.7500	0.307737500000000000000000000000
45.0000	0.305177390000000000000000000000
45.2500	0.302592090000000000000000000000
45.5000	0.299981830000000000000000000000
45.7500	0.297346860000000000000000000000
46.0000	0.294687430000000000000000000000
46.2500	0.292003740000000000000000000000
46.5000	0.289296020000000000000000000000
46.7500	0.286564480000000000000000000000
47.0000	0.283809300000000000000000000000
47.2500	0.281030660000000000000000000000
47.5000	0.278228710000000000000000000000
47.7500	0.275403600000000000000000000000
48.0000	0.272555450000000000000000000000
48.2500	0.269684360000000000000000000000
48.5000	0.266790400000000000000000000000
48.7500	0.263873630000000000000000000000
49.0000	0.260934100000000000000000000000
49.2500	0.257971820000000000000000000000
49.5000	0.254986790000000000000000000000
49.7500	0.251978990000000000000000000000
50.0000	0.248948390000000000000000000000
50.2500	0.245894920000000000000000000000
50.5000	0.242818530000000000000000000000
50.7500	0.239719120000000000000000000000
51.0000	0.236596600000000000000000000000
51.2500	0.233450880000000000000000000000
51.5000	0.230281830000000000000000000000
51.7500	0.227089360000000000000000000000
52.0000	0.223873360000000000000000000000
52.2500	0.220633720000000000000000000000
52.5000	0.217370370000000000000000000000
52.7500	0.214083220000000000000000000000
53.0000	0.210772240000000000000000000000
53.2500	0.207437420000000000000000000000
53.5000	0.204078790000000000000000000000
53.7500	0.200696440000000000000000000000
54.0000	0.197290510000000000000000000000
54.2500	0.193861230000000000000000000000
54.5000	0.190408890000000000000000000000
54.7500	0.186933880000000000000000000000
55.0000	0.183436720000000000000000000000
55.2500	0.179917990000000000000000000000
55.5000	0.176378450000000000000000000000
55.7500	0.172818940000000000000000000000
56.0000	0.169240480000000000000000000000
56.2500	0.165644200000000000000000000000
56.5000	0.162031400000000000000000000000
56.7500	0.158403510000000000000000000000
57.0000	0.154762100000000000000000000000
57.2500	0.151108910000000000000000000000
57.5000	0.147445780000000000000000000000
57.7500	0.143774710000000000000000000000
58.0000	0.140097780000000000000000000000
58.2500	0.136417200000000000000000000000
58.5000	0.132735240000000000000000000000
58.7500	0.129054260000000000000000000000
59.0000	0.125376660000000000000000000000
59.2500	0.121704860000000000000000000000
59.5000	0.118041290000000000000000000000
59.7500	0.114388360000000000000000000000
60.0000	0.110748450000000000000000000000
60.2500	0.107123860000000000000000000000
60.5000	0.103516830000000000000000000000
60.7500	0.099929484000000000000000000000
61.0000	0.096363821000000000000000000000
61.2500	0.092821708000000000000000000000
61.5000	0.089304853000000000000000000000
61.7500	0.085814795000000000000000000000
62.0000	0.082352894000000000000000000000
62.2500	0.078920318000000000000000000000
62.5000	0.075518039000000000000000000000
62.7500	0.072146822000000000000000000000
63.0000	0.068807228000000000000000000000
63.2500	0.065499607000000000000000000000
63.5000	0.062224321000000000000000000000
63.7500	0.058982409000000000000000000000
64.0000	0.055775589000000000000000000000
64.2500	0.052606266000000000000000000000
64.5000	0.049477543000000000000000000000
64.7500	0.046393232000000000000000000000
65.0000	0.043357864000000000000000000000
65.2500	0.040376709000000000000000000000
65.5000	0.037455787000000000000000000000
65.7500	0.034601892000000000000000000000
66.0000	0.031822604000000000000000000000
66.2500	0.029126091000000000000000000000
66.5000	0.026520465000000000000000000000
66.7500	0.024013808000000000000000000000
67.0000	0.021614189000000000000000000000
67.2500	0.019329683000000000000000000000
67.5000	0.016917140000000000000000000000
67.7500	0.014547646000000000000000000000
68.0000	0.012308542000000000000000000000
68.2500	0.010242003000000000000000000000
68.5000	0.008365697400000000000000000000
68.7500	0.006683834700000000000000000000
69.0000	0.005193083900000000000000000000
69.2500	0.003885734700000000000000000000
69.5000	0.002751386700000000000000000000
69.7500	0.001777848500000000000000000000
70.0000	0.000951613750000000000000000000
70.2500	0.000509362130000000000000000000
70.5000	0.000272641900000000000000000000
70.7500	0.000145934690000000000000000000
71.0000	0.000078113213000000000000000000
71.2500	0.000041810990000000000000000000
71.5000	0.000022379810000000000000000000
71.7500	0.000011979049000000000000000000
72.0000	0.000006411923000000000000000000
72.2500	0.000003432055100000000000000000
72.5000	0.000001837046700000000000000000
72.7500	0.000000983300240000000000000000
73.0000	0.000000526322690000000000000000
73.2500	0.000000281720230000000000000000
73.5000	0.000000150793980000000000000000
73.7500	0.000000080714199000000000000000
74.0000	0.000000043203197000000000000000
74.2500	0.000000023125005000000000000000
74.5000	0.000000012377923000000000000000
74.7500	0.000000006625424900000000000000
75.0000	0.000000003546334400000000000000
75.2500	0.000000001898216000000000000000
75.5000	0.000000001016041800000000000000
75.7500	0.000000000543847990000000000000
76.0000	0.000000000291100850000000000000
76.2500	0.000000000155815060000000000000
76.5000	0.000000000083401791000000000000
76.7500	0.000000000044641762000000000000
77.0000	0.000000000023895013000000000000
77.2500	0.000000000012790079000000000000
77.5000	0.000000000006846035900000000000
77.7500	0.000000000003664418900000000000
78.0000	0.000000000001961422100000000000
78.2500	0.000000000001049873600000000000
78.5000	0.000000000000561956850000000000
78.7500	0.000000000000300793820000000000
79.0000	0.000000000000161003330000000000
79.2500	0.000000000000086178874000000000
79.5000	0.000000000000046128227000000000
79.7500	0.000000000000024690661000000000
80.0000	0.000000000000013215958000000000
80.2500	0.000000000000007073992700000000
80.5000	0.000000000000003786435400000000
80.7500	0.000000000000002026732800000000
81.0000	0.000000000000001084831900000000
81.2500	0.000000000000000580668680000000
81.5000	0.000000000000000310809550000000
81.7500	0.000000000000000166364360000000
82.0000	0.000000000000000089048427000000
82.2500	0.000000000000000047664188000000
82.5000	0.000000000000000025512801000000
82.7500	0.000000000000000013656018000000
83.0000	0.000000000000000007309540000000
83.2500	0.000000000000000003912514800000
83.5000	0.000000000000000002094218300000
83.7500	0.000000000000000001120954300000
84.0000	0.000000000000000000600003580000
84.2500	0.000000000000000000321158770000
84.5000	0.000000000000000000171903900000
84.7500	0.000000000000000000092013529000
85.0000	0.000000000000000000049251293000
85.2500	0.000000000000000000026362317000
85.5000	0.000000000000000000014110732000
85.7500	0.000000000000000000007552930400
86.0000	0.000000000000000000004042792300
86.2500	0.000000000000000000002163950800
86.5000	0.000000000000000000001158279400
86.7500	0.000000000000000000000619982280
87.0000	0.000000000000000000000331852600
87.2500	0.000000000000000000000177627900
87.5000	0.000000000000000000000095077362
87.7500	0.000000000000000000000050891245
88.0000	0.000000000000000000000027240120
88.2500	0.000000000000000000000014580586
88.5000	0.000000000000000000000007804425
88.7500	0.000000000000000000000004177408
89.0000	0.000000000000000000000002236005
89.2500	0.000000000000000000000001196847
89.5000	0.000000000000000000000000640626
89.7500	0.000000000000000000000000342903
90.0000	0.000000000000000000000000183542
90.2500	0.000000000000000000000000098243
90.5000	0.000000000000000000000000052586
90.7500	0.000000000000000000000000028147
91.0000	0.000000000000000000000000015066
91.2500	0.000000000000000000000000008064
91.5000	0.000000000000000000000000004317
91.7500	0.000000000000000000000000002310
92.0000	0.000000000000000000000000001237
92.2500	0.000000000000000000000000000662
92.5000	0.000000000000000000000000000354
92.7500	0.000000000000000000000000000190
93.0000	0.000000000000000000000000000102
93.2500	0.000000000000000000000000000054
93.5000	0.000000000000000000000000000029
93.7500	0.000000000000000000000000000016
94.0000	0.000000000000000000000000000005
94.2500	0.000000000000000000000000000002
94.5000	0.000000000000000000000000000001
94.7500	0.000000000000000000000000000000
400.0000	0.000000000000000000000000000000