0.0000	0.800000000000000000000000000000
0.2500	0.800000000000000000000000000000
0.5000	0.799538184200000000000000000000
0.7500	0.797611519100000000000000000000
1.0000	0.794614181000000000000000000000
1.2500	0.791831672800000000000000000000
1.5000	0.788212344000000000000000000000
1.7500	0.783639597400000000000000000000
2.0000	0.778047355800000000000000000000
2.2500	0.771509625300000000000000000000
2.5000	0.764167817100000000000000000000
2.7500	0.755943112000000000000000000000
3.0000	0.746924846100000000000000000000
3.2500	0.737220834900000000000000000000
3.5000	0.726955818000000000000000000000
3.7500	0.716256296300000000000000000000
4.0000	0.705248804900000000000000000000
4.2500	0.694044598800000000000000000000
4.5000	0.682739340800000000000000000000
4.7500	0.671412800300000000000000000000
5.0000	0.660128567100000000000000000000
5.2500	0.648933780500000000000000000000
5.5000	0.637858877200000000000000000000
5.7500	0.626918902200000000000000000000
6.0000	0.616128416200000000000000000000
6.2500	0.605501414000000000000000000000
6.5000	0.595051247800000000000000000000
6.7500	0.584790553900000000000000000000
7.0000	0.574731184200000000000000000000
7.2500	0.564884143200000000000000000000
7.5000	0.555259529300000000000000000000
7.7500	0.545866483300000000000000000000
8.0000	0.536713141100000000000000000000
8.2500	0.527807112400000000000000000000
8.5000	0.519157153400000000000000000000
8.7500	0.510774354700000000000000000000
9.0000	0.502672121600000000000000000000
9.2500	0.494866167100000000000000000000
9.5000	0.487374516000000000000000000000
9.7500	0.480217520600000000000000000000
10.0000	0.473417370600000000000000000000
10.2500	0.466996424300000000000000000000
10.5000	0.460975526600000000000000000000
10.7500	0.455372360900000000000000000000
11.0000	0.450199782000000000000000000000
11.2500	0.445464178800000000000000000000
11.5000	0.441164328900000000000000000000
11.7500	0.437291466900000000000000000000
12.0000	0.433829346300000000000000000000
12.2500	0.430754814700000000000000000000
12.5000	0.428039570600000000000000000000
12.7500	0.425651940300000000000000000000
13.0000	0.423558623600000000000000000000
13.2500	0.421726462100000000000000000000
13.5000	0.420124181000000000000000000000
13.7500	0.418723640000000000000000000000
14.0000	0.417499872800000000000000000000
14.2500	0.416431132400000000000000000000
14.5000	0.415498943000000000000000000000
14.7500	0.414688155100000000000000000000
15.0000	0.413986489600000000000000000000
15.2500	0.413382895700000000000000000000
15.5000	0.412866405400000000000000000000
15.7500	0.412426205300000000000000000000
16.0000	0.412051705100000000000000000000
16.2500	0.411732605000000000000000000000
16.5000	0.411458958600000000000000000000
16.7500	0.411221233300000000000000000000
17.0000	0.411010366200000000000000000000
17.2500	0.410817816200000000000000000000
17.5000	0.410635611200000000000000000000
17.7500	0.410456389600000000000000000000
18.0000	0.410273438200000000000000000000
18.2500	0.410080722500000000000000000000
18.5000	0.409872912300000000000000000000
18.7500	0.409645401400000000000000000000
19.0000	0.409394320900000000000000000000
19.2500	0.409116546300000000000000000000
19.5000	0.408809698900000000000000000000
19.7500	0.408472139900000000000000000000
20.0000	0.408102958800000000000000000000
20.2500	0.407701955400000000000000000000
20.5000	0.407269615700000000000000000000
20.7500	0.406807081900000000000000000000
21.0000	0.406316115900000000000000000000
21.2500	0.405799056600000000000000000000
21.5000	0.405258770900000000000000000000
21.7500	0.404698599000000000000000000000
22.0000	0.404122293600000000000000000000
22.2500	0.403533955000000000000000000000
22.5000	0.402937959100000000000000000000
22.7500	0.402338882200000000000000000000
23.0000	0.401741420900000000000000000000
23.2500	0.401150308900000000000000000000
23.5000	0.400570230600000000000000000000
23.7500	0.400005732600000000000000000000
24.0000	0.399461134600000000000000000000
24.2500	0.398940439400000000000000000000
24.5000	0.398447243100000000000000000000
24.7500	0.397984648100000000000000000000
25.0000	0.397555177400000000000000000000
25.2500	0.397160692900000000000000000000
25.5000	0.396802318100000000000000000000
25.7500	0.396480367000000000000000000000
26.0000	0.396194278800000000000000000000
26.2500	0.395942560900000000000000000000
26.5000	0.395722740300000000000000000000
26.7500	0.395531325200000000000000000000
27.0000	0.395363777500000000000000000000
27.2500	0.395214497000000000000000000000
27.5000	0.395076817400000000000000000000
27.7500	0.394943015800000000000000000000
28.0000	0.394804335200000000000000000000
28.2500	0.394651022000000000000000000000
28.5000	0.394472376800000000000000000000
28.7500	0.394256820000000000000000000000
29.0000	0.393991970000000000000000000000
29.2500	0.393664733700000000000000000000
29.5000	0.393261408700000000000000000000
29.7500	0.392767797900000000000000000000
30.0000	0.392169332000000000000000000000
30.2500	0.391451202800000000000000000000
30.5000	0.390598500000000000000000000000
30.7500	0.389596356300000000000000000000
31.0000	0.388430093800000000000000000000
31.2500	0.387085374100000000000000000000
31.5000	0.385548346300000000000000000000
31.7500	0.383805794200000000000000000000
32.0000	0.381845280000000000000000000000
32.2500	0.379655280200000000000000000000
32.5000	0.377225314800000000000000000000
32.7500	0.374546066900000000000000000000
33.0000	0.371609489200000000000000000000
33.2500	0.368408898300000000000000000000
33.5000	0.364939052900000000000000000000
33.7500	0.361196217100000000000000000000
34.0000	0.357178204700000000000000000000
34.2500	0.352884406400000000000000000000
34.5000	0.348315797400000000000000000000
34.7500	0.343474928000000000000000000000
35.0000	0.338365894200000000000000000000
35.2500	0.332994291300000000000000000000
35.5000	0.327367147500000000000000000000
35.7500	0.321492842700000000000000000000
36.0000	0.315381012100000000000000000000
36.2500	0.309042435200000000000000000000
36.5000	0.302488910400000000000000000000
36.7500	0.295733119100000000000000000000
37.0000	0.288788480400000000000000000000
37.2500	0.281668998300000000000000000000
37.5000	0.274389102900000000000000000000
37.7500	0.266963488700000000000000000000
38.0000	0.259406950900000000000000000000
38.2500	0.251734223100000000000000000000
38.5000	0.243959818100000000000000000000
38.7500	0.236097873500000000000000000000
39.0000	0.228162004300000000000000000000
39.2500	0.220165165100000000000000000000
39.5000	0.212119522200000000000000000000
39.7500	0.204036338600000000000000000000
40.0000	0.195925873600000000000000000000
40.2500	0.187797298100000000000000000000
40.5000	0.179658627500000000000000000000
40.7500	0.171516674500000000000000000000
41.0000	0.163377022600000000000000000000
41.2500	0.155244022200000000000000000000
41.5000	0.147120811000000000000000000000
41.7500	0.139009359100000000000000000000
42.0000	0.130910540600000000000000000000
42.2500	0.122824231300000000000000000000
42.5000	0.114749433100000000000000000000
42.7500	0.106684422400000000000000000000
43.0000	0.098626923730000000000000000000
43.2500	0.090583631240000000000000000000
43.5000	0.082572734570000000000000000000
43.7500	0.074624196180000000000000000000
44.0000	0.066779920710000000000000000000
44.2500	0.059093901090000000000000000000
44.5000	0.051632332380000000000000000000
44.7500	0.044473684590000000000000000000
45.0000	0.037699399100000000000000000000
45.2500	0.031391542140000000000000000000
45.5000	0.025623328970000000000000000000
45.7500	0.020382066850000000000000000000
46.0000	0.015793594440000000000000000000
46.2500	0.011898929230000000000000000000
46.5000	0.008688180927000000000000000000
46.7500	0.006118678113000000000000000000
47.0000	0.004124655755000000000000000000
47.2500	0.002631766154000000000000000000
47.5000	0.001562181930000000000000000000
47.7500	0.000836175731600000000000000000
48.0000	0.000447572616600000000000000000
48.2500	0.000239568358100000000000000000
48.5000	0.000128231701600000000000000000
48.7500	0.000068637483780000000000000000
49.0000	0.000036738997620000000000000000
49.2500	0.000019664968350000000000000000
49.5000	0.000010525899050000000000000000
49.7500	0.000005634107762000000000000000
50.0000	0.000003015720569000000000000000
50.2500	0.000001614198900000000000000000
50.5000	0.000000864018409000000000000000
50.7500	0.000000462475727900000000000000
51.0000	0.000000247545418800000000000000
51.2500	0.000000132501514500000000000000
51.5000	0.000000070922949910000000000000
51.7500	0.000000037962319490000000000000
52.0000	0.000000020319765360000000000000
52.2500	0.000000010876386630000000000000
52.5000	0.000000005821710246000000000000
52.7500	0.000000003116136943000000000000
53.0000	0.000000001667947911000000000000
53.2500	0.000000000892788181800000000000
53.5000	0.000000000477875077500000000000
53.7500	0.000000000255788096700000000000
54.0000	0.000000000136913502000000000000
54.2500	0.000000000073284516670000000000
54.5000	0.000000000039226375080000000000
54.7500	0.000000000020996365560000000000
55.0000	0.000000000011238544620000000000
55.2500	0.000000000006015559450000000000
55.5000	0.000000000003219896945000000000
55.7500	0.000000000001723486638000000000
56.0000	0.000000000000922515920000000000
56.2500	0.000000000000493787189200000000
56.5000	0.000000000000264305236300000000
56.7500	0.000000000000141472398300000000
57.0000	0.000000000000075724718030000000
57.2500	0.000000000000040532520750000000
57.5000	0.000000000000021695494960000000
57.7500	0.000000000000011612761620000000
58.0000	0.000000000000006215863375000000
58.2500	0.000000000000003327111910000000
58.5000	0.000000000000001780874674000000
58.7500	0.000000000000000953233521800000
59.0000	0.000000000000000510229136600000
59.2500	0.000000000000000273105976500000
59.5000	0.000000000000000146183095100000
59.7500	0.000000000000000078246172320000
60.0000	0.000000000000000041882157970000
60.2500	0.000000000000000022417903710000
60.5000	0.000000000000000011999439160000
60.7500	0.000000000000000006422836948000
61.0000	0.000000000000000003437896880000
61.2500	0.000000000000000001840173595000
61.5000	0.000000000000000000984973947100
61.7500	0.000000000000000000527218562000
62.0000	0.000000000000000000282199760600
62.2500	0.000000000000000000151050647000
62.5000	0.000000000000000000080851585100
62.7500	0.000000000000000000043276734940
63.0000	0.000000000000000000023164366960
63.2500	0.000000000000000000012398992150
63.5000	0.000000000000000000006636702251
63.7500	0.000000000000000000003552370728
64.0000	0.000000000000000000001901447030
64.2500	0.000000000000000000001017771254
64.5000	0.000000000000000000000544773695
64.7500	0.000000000000000000000291596346
65.0000	0.000000000000000000000156080277
65.2500	0.000000000000000000000083543752
65.5000	0.000000000000000000000044717748
65.7500	0.000000000000000000000023935686
66.0000	0.000000000000000000000012811849
66.2500	0.000000000000000000000006857689
66.5000	0.000000000000000000000003670656
66.7500	0.000000000000000000000001964761
67.0000	0.000000000000000000000001051661
67.2500	0.000000000000000000000000562913
67.5000	0.000000000000000000000000301306
67.7500	0.000000000000000000000000161277
68.0000	0.000000000000000000000000086326
68.2500	0.000000000000000000000000046207
68.5000	0.000000000000000000000000024733
68.7500	0.000000000000000000000000013238
69.0000	0.000000000000000000000000007086
69.2500	0.000000000000000000000000003793
69.5000	0.000000000000000000000000002030
69.7500	0.000000000000000000000000001087
70.0000	0.000000000000000000000000000582
70.2500	0.000000000000000000000000000311
70.5000	0.000000000000000000000000000167
70.7500	0.000000000000000000000000000089
71.0000	0.000000000000000000000000000048
71.2500	0.000000000000000000000000000026
71.5000	0.000000000000000000000000000014
71.7500	0.000000000000000000000000000007
72.0000	0.000000000000000000000000000004
72.2500	0.000000000000000000000000000001
72.5000	0.000000000000000000000000000001
72.7500	0.000000000000000000000000000000
400.0000	0.000000000000000000000000000000