0.0000 	0.349983864091444000000000000000 
0.5000 	0.356776588701809000000000000000 
1.0000 	0.363568384953174000000000000000 
1.5000 	0.370359030167588000000000000000 
2.0000 	0.377148248255145000000000000000 
2.5000 	0.383935696902489000000000000000 
3.0000 	0.390720951688335000000000000000 
3.5000 	0.397503486388902000000000000000 
4.0000 	0.404282648559376000000000000000 
4.5000 	0.411057629258290000000000000000 
5.0000 	0.417827425509943000000000000000 
5.5000 	0.424590793762982000000000000000 
6.0000 	0.431346192185465000000000000000 
6.5000 	0.438091709118715000000000000000 
7.0000 	0.444824974369983000000000000000 
7.5000 	0.451543049227584000000000000000 
8.0000 	0.458242290094880000000000000000 
8.5000 	0.464918179415228000000000000000 
9.0000 	0.471565116042280000000000000000 
9.5000 	0.478176155328100000000000000000 
10.0000 	0.484742686868324000000000000000 
10.5000 	0.491254034950663000000000000000 
11.0000 	0.497696963166229000000000000000 
11.5000 	0.504055060195986000000000000000 
12.0000 	0.510307978270786000000000000000 
12.5000 	0.516430488966969000000000000000 
13.0000 	0.522391312523324000000000000000 
13.5000 	0.528151666355777000000000000000 
14.0000 	0.533663465416067000000000000000 
14.5000 	0.538867090885045000000000000000 
15.0000 	0.543688623660502000000000000000 
15.5000 	0.548036414264154000000000000000 
16.0000 	0.551796862240000000000000000000 
16.5000 	0.555210368577499000000000000000 
17.0000 	0.558606194309999000000000000000 
17.5000 	0.561984339437499000000000000000 
18.0000 	0.565344803959999000000000000000 
18.5000 	0.568687587877499000000000000000 
19.0000 	0.572012691189999000000000000000 
19.5000 	0.575320113897499000000000000000 
20.0000 	0.578609855999999000000000000000 
20.5000 	0.581881917497500000000000000000 
21.0000 	0.585136298390000000000000000000 
21.5000 	0.588372998677500000000000000000 
22.0000 	0.591592018359999000000000000000 
22.5000 	0.594793357437499000000000000000 
23.0000 	0.597977015910000000000000000000 
23.5000 	0.601142993777499000000000000000 
24.0000 	0.604291291040000000000000000000 
24.5000 	0.607421907697500000000000000000 
25.0000 	0.610534843750000000000000000000 
25.5000 	0.613630099197499000000000000000 
26.0000 	0.616707674039999000000000000000 
26.5000 	0.619767568277500000000000000000 
27.0000 	0.622809781910000000000000000000 
27.5000 	0.625834314937499000000000000000 
28.0000 	0.628841167359999000000000000000 
28.5000 	0.631830339177499000000000000000 
29.0000 	0.634801830390000000000000000000 
29.5000 	0.637755640997500000000000000000 
30.0000 	0.640691770999999000000000000000 
30.5000 	0.643610220397499000000000000000 
31.0000 	0.646510989189999000000000000000 
31.5000 	0.649394077377499000000000000000 
32.0000 	0.652259484959999000000000000000 
32.5000 	0.655107211937499000000000000000 
33.0000 	0.657937258309999000000000000000 
33.5000 	0.660749624077499000000000000000 
34.0000 	0.663544309239999000000000000000 
34.5000 	0.666321313797499000000000000000 
35.0000 	0.669080637750000000000000000000 
35.5000 	0.671822281097499000000000000000 
36.0000 	0.674546243839999000000000000000 
36.5000 	0.677252525977499000000000000000 
37.0000 	0.679941127509999000000000000000 
37.5000 	0.682612048437500000000000000000 
38.0000 	0.685265288759999000000000000000 
38.5000 	0.687900848477499000000000000000 
39.0000 	0.690518727589999000000000000000 
39.5000 	0.693118926097499000000000000000 
40.0000 	0.695701444000000000000000000000 
40.5000 	0.698266281297499000000000000000 
41.0000 	0.700813437990000000000000000000 
41.5000 	0.703342914077500000000000000000 
42.0000 	0.705854709559999000000000000000 
42.5000 	0.708348824437499000000000000000 
43.0000 	0.710825258709999000000000000000 
43.5000 	0.713284012377500000000000000000 
44.0000 	0.715725085439999000000000000000 
44.5000 	0.718148477897500000000000000000 
45.0000 	0.720554189749999000000000000000 
45.5000 	0.722942220997499000000000000000 
46.0000 	0.725312571640000000000000000000 
46.5000 	0.727665241677499000000000000000 
47.0000 	0.730000231110000000000000000000 
47.5000 	0.732317539937500000000000000000 
48.0000 	0.734617168160000000000000000000 
48.5000 	0.736899115777500000000000000000 
49.0000 	0.739163382789999000000000000000 
49.5000 	0.741409969197500000000000000000 
50.0000 	0.743638874999999000000000000000 
50.5000 	0.745850100197499000000000000000 
51.0000 	0.748043644789999000000000000000 
51.5000 	0.750219508777499000000000000000 
52.0000 	0.752377692160000000000000000000 
52.5000 	0.754518194937499000000000000000 
53.0000 	0.756641017109999000000000000000 
53.5000 	0.758746158677499000000000000000 
54.0000 	0.760833619639999000000000000000 
54.5000 	0.762903399997499000000000000000 
55.0000 	0.764955499749999000000000000000 
55.5000 	0.766989918897500000000000000000 
56.0000 	0.769006657439999000000000000000 
56.5000 	0.771005715377499000000000000000 
57.0000 	0.772987092709999000000000000000 
57.5000 	0.774950789437499000000000000000 
58.0000 	0.776896805560000000000000000000 
58.5000 	0.778825141077499000000000000000 
59.0000 	0.780735795989999000000000000000 
59.5000 	0.782628770297499000000000000000 
60.0000 	0.784504063999999000000000000000 
60.5000 	0.786361677097500000000000000000 
61.0000 	0.788201609589999000000000000000 
61.5000 	0.790023861477500000000000000000 
62.0000 	0.791828432760000000000000000000 
62.5000 	0.793615323437499000000000000000 
63.0000 	0.795384533510000000000000000000 
63.5000 	0.797136062977499000000000000000 
64.0000 	0.798869911840000000000000000000 
64.5000 	0.800586080097499000000000000000 
65.0000 	0.802284567750000000000000000000 
65.5000 	0.803965374797500000000000000000 
66.0000 	0.805628501239999000000000000000 
66.5000 	0.807273947077500000000000000000 
67.0000 	0.808901712309999000000000000000 
67.5000 	0.810511796937499000000000000000 
68.0000 	0.812104200959999000000000000000 
68.5000 	0.813678924377500000000000000000 
69.0000 	0.815235967190000000000000000000 
69.5000 	0.816775329397499000000000000000 
70.0000 	0.818297011000000000000000000000 
70.5000 	0.819801011997499000000000000000 
71.0000 	0.821287332389999000000000000000 
71.5000 	0.822755972177500000000000000000 
72.0000 	0.824206931360000000000000000000 
72.5000 	0.825640209937499000000000000000 
73.0000 	0.827055807909999000000000000000 
73.5000 	0.828453725277499000000000000000 
74.0000 	0.829833962039999000000000000000 
74.5000 	0.831196518197499000000000000000 
75.0000 	0.832541393750000000000000000000 
75.5000 	0.833868588697499000000000000000 
76.0000 	0.835178103040000000000000000000 
76.5000 	0.836469936777499000000000000000 
77.0000 	0.837744089909999000000000000000 
77.5000 	0.839000562437500000000000000000 
78.0000 	0.840239354359999000000000000000 
78.5000 	0.841460465677499000000000000000 
79.0000 	0.842663896389999000000000000000 
79.5000 	0.843849646497500000000000000000 
80.0000 	0.845017716000000000000000000000 
80.5000 	0.846168104897499000000000000000 
81.0000 	0.847300813190000000000000000000 
81.5000 	0.848415840877499000000000000000 
82.0000 	0.849513187959999000000000000000 
82.5000 	0.850592854437499000000000000000 
83.0000 	0.851654840309999000000000000000 
83.5000 	0.852699145577500000000000000000 
84.0000 	0.853725770239999000000000000000 
84.5000 	0.854734714297500000000000000000 
85.0000 	0.855725977749999000000000000000 
85.5000 	0.856699560597500000000000000000 
86.0000 	0.857655462840000000000000000000 
86.5000 	0.858593684477499000000000000000 
87.0000 	0.859514225510000000000000000000 
87.5000 	0.860417085937499000000000000000 
88.0000 	0.861302265760000000000000000000 
88.5000 	0.862169764977499000000000000000 
89.0000 	0.863019583589999000000000000000 
89.5000 	0.863851721597500000000000000000 
90.0000 	0.864666178999999000000000000000 
90.5000 	0.865462955797499000000000000000 
91.0000 	0.866242051989999000000000000000 
91.5000 	0.867003467577500000000000000000 
92.0000 	0.867747202560000000000000000000 
92.5000 	0.868473256937499000000000000000 
93.0000 	0.869181630709999000000000000000 
93.5000 	0.869872323877499000000000000000 
94.0000 	0.870545336439999000000000000000 
94.5000 	0.871200668397499000000000000000 
95.0000 	0.871838319749999000000000000000 
95.5000 	0.872458290497500000000000000000 
96.0000 	0.873060580639999000000000000000 
96.5000 	0.873645190177499000000000000000 
97.0000 	0.874212119109999000000000000000 
97.5000 	0.874761367437499000000000000000 
98.0000 	0.875292935160000000000000000000 
98.5000 	0.875806822277499000000000000000 
99.0000 	0.876303028789999000000000000000 
99.5000 	0.876781554697499000000000000000 
100.0000 	0.877242399999999000000000000000 
100.5000 	0.877685564697500000000000000000 
101.0000 	0.878111048789999000000000000000 
101.5000 	0.878518852277500000000000000000 
102.0000 	0.878908975159999000000000000000 
102.5000 	0.879281417437500000000000000000 
103.0000 	0.879636179109999000000000000000 
103.5000 	0.879973260177499000000000000000 
104.0000 	0.880292660640000000000000000000 
104.5000 	0.880594380497499000000000000000 
105.0000 	0.880878419750000000000000000000 
105.5000 	0.881144778397499000000000000000 
106.0000 	0.881393456440000000000000000000 
106.5000 	0.881624453877499000000000000000 
107.0000 	0.881837770710000000000000000000 
107.5000 	0.882033406937499000000000000000 
108.0000 	0.882211362559999000000000000000 
108.5000 	0.882371637577500000000000000000 
109.0000 	0.882514231989999000000000000000 
109.5000 	0.882639145797500000000000000000 
110.0000 	0.882746378999999000000000000000 
110.5000 	0.882844644132557000000000000000 
111.0000 	0.882942654176274000000000000000 
111.5000 	0.883040409793342000000000000000 
112.0000 	0.883137911644234000000000000000 
112.5000 	0.883235160387707000000000000000 
113.0000 	0.883332156680809000000000000000 
113.5000 	0.883428901178882000000000000000 
114.0000 	0.883525394535567000000000000000 
114.5000 	0.883621637402807000000000000000 
115.0000 	0.883717630430855000000000000000 
115.5000 	0.883813374268274000000000000000 
116.0000 	0.883908869561944000000000000000 
116.5000 	0.884004116957065000000000000000 
117.0000 	0.884099117097165000000000000000 
117.5000 	0.884193870624097000000000000000 
118.0000 	0.884288378178051000000000000000 
118.5000 	0.884382640397555000000000000000 
119.0000 	0.884476657919477000000000000000 
119.5000 	0.884570431379035000000000000000 
120.0000 	0.884663961409795000000000000000 
120.5000 	0.884757248643681000000000000000 
121.0000 	0.884850293710975000000000000000 
121.5000 	0.884943097240322000000000000000 
122.0000 	0.885035659858737000000000000000 
122.5000 	0.885127982191607000000000000000 
123.0000 	0.885220064862695000000000000000 
123.5000 	0.885311908494144000000000000000 
124.0000 	0.885403513706483000000000000000 
124.5000 	0.885494881118631000000000000000 
125.0000 	0.885586011347898000000000000000 
125.5000 	0.885676905009993000000000000000 
126.0000 	0.885767562719028000000000000000 
126.5000 	0.885857985087517000000000000000 
127.0000 	0.885948172726387000000000000000 
127.5000 	0.886038126244979000000000000000 
128.0000 	0.886127846251051000000000000000 
128.5000 	0.886217333350784000000000000000 
129.0000 	0.886306588148785000000000000000 
129.5000 	0.886395611248091000000000000000 
130.0000 	0.886484403250176000000000000000 
130.5000 	0.886572964754950000000000000000 
131.0000 	0.886661296360766000000000000000 
131.5000 	0.886749398664425000000000000000 
132.0000 	0.886837272261178000000000000000 
132.5000 	0.886924917744730000000000000000 
133.0000 	0.887012335707247000000000000000 
133.5000 	0.887099526739355000000000000000 
134.0000 	0.887186491430149000000000000000 
134.5000 	0.887273230367193000000000000000 
135.0000 	0.887359744136528000000000000000 
135.5000 	0.887446033322671000000000000000 
136.0000 	0.887532098508624000000000000000 
136.5000 	0.887617940275873000000000000000 
137.0000 	0.887703559204398000000000000000 
137.5000 	0.887788955872671000000000000000 
138.0000 	0.887874130857661000000000000000 
138.5000 	0.887959084734843000000000000000 
139.0000 	0.888043818078196000000000000000 
139.5000 	0.888128331460207000000000000000 
140.0000 	0.888212625451882000000000000000 
140.5000 	0.888296700622740000000000000000 
141.0000 	0.888380557540823000000000000000 
141.5000 	0.888464196772699000000000000000 
142.0000 	0.888547618883465000000000000000 
142.5000 	0.888630824436752000000000000000 
143.0000 	0.888713813994725000000000000000 
143.5000 	0.888796588118092000000000000000 
144.0000 	0.888879147366106000000000000000 
144.5000 	0.888961492296565000000000000000 
145.0000 	0.889043623465824000000000000000 
145.5000 	0.889125541428789000000000000000 
146.0000 	0.889207246738927000000000000000 
146.5000 	0.889288739948270000000000000000 
147.0000 	0.889370021607415000000000000000 
147.5000 	0.889451092265530000000000000000 
148.0000 	0.889531952470358000000000000000 
148.5000 	0.889612602768220000000000000000 
149.0000 	0.889693043704018000000000000000 
149.5000 	0.889773275821240000000000000000 
150.0000 	0.889853299661965000000000000000 
150.5000 	0.889933115766860000000000000000 
151.0000 	0.890012724675194000000000000000 
151.5000 	0.890092126924832000000000000000 
152.0000 	0.890171323052246000000000000000 
152.5000 	0.890250313592512000000000000000 
153.0000 	0.890329099079319000000000000000 
153.5000 	0.890407680044971000000000000000 
154.0000 	0.890486057020389000000000000000 
154.5000 	0.890564230535116000000000000000 
155.0000 	0.890642201117321000000000000000 
155.5000 	0.890719969293801000000000000000 
156.0000 	0.890797535589986000000000000000 
156.5000 	0.890874900529942000000000000000 
157.0000 	0.890952064636374000000000000000 
157.5000 	0.891029028430632000000000000000 
158.0000 	0.891105792432710000000000000000 
158.5000 	0.891182357161254000000000000000 
159.0000 	0.891258723133563000000000000000 
159.5000 	0.891334890865593000000000000000 
160.0000 	0.891410860871960000000000000000 
160.5000 	0.891486633665946000000000000000 
161.0000 	0.891562209759499000000000000000 
161.5000 	0.891637589663238000000000000000 
162.0000 	0.891712773886457000000000000000 
162.5000 	0.891787762937129000000000000000 
163.0000 	0.891862557321905000000000000000 
163.5000 	0.891937157546125000000000000000 
164.0000 	0.892011564113813000000000000000 
164.5000 	0.892085777527689000000000000000 
165.0000 	0.892159798289164000000000000000 
165.5000 	0.892233626898350000000000000000 
166.0000 	0.892307263854059000000000000000 
166.5000 	0.892380709653809000000000000000 
167.0000 	0.892453964793827000000000000000 
167.5000 	0.892527029769051000000000000000 
168.0000 	0.892599905073134000000000000000 
168.5000 	0.892672591198448000000000000000 
169.0000 	0.892745088636088000000000000000 
169.5000 	0.892817397875871000000000000000 
170.0000 	0.892889519406345000000000000000 
170.5000 	0.892961453714790000000000000000 
171.0000 	0.893033201287219000000000000000 
171.5000 	0.893104762608385000000000000000 
172.0000 	0.893176138161783000000000000000 
172.5000 	0.893247328429651000000000000000 
173.0000 	0.893318333892977000000000000000 
173.5000 	0.893389155031499000000000000000 
174.0000 	0.893459792323710000000000000000 
174.5000 	0.893530246246861000000000000000 
175.0000 	0.893600517276966000000000000000 
175.5000 	0.893670605888799000000000000000 
176.0000 	0.893740512555906000000000000000 
176.5000 	0.893810237750600000000000000000 
177.0000 	0.893879781943971000000000000000 
177.5000 	0.893949145605884000000000000000 
178.0000 	0.894018329204986000000000000000 
178.5000 	0.894087333208705000000000000000 
179.0000 	0.894156158083258000000000000000 
179.5000 	0.894224804293650000000000000000 
180.0000 	0.894293272303680000000000000000 
180.5000 	0.894361562575943000000000000000 
181.0000 	0.894429675571833000000000000000 
181.5000 	0.894497611751545000000000000000 
182.0000 	0.894565371574080000000000000000 
182.5000 	0.894632955497250000000000000000 
183.0000 	0.894700363977675000000000000000 
183.5000 	0.894767597470791000000000000000 
184.0000 	0.894834656430852000000000000000 
184.5000 	0.894901541310933000000000000000 
185.0000 	0.894968252562931000000000000000 
185.5000 	0.895034790637574000000000000000 
186.0000 	0.895101155984415000000000000000 
186.5000 	0.895167349051843000000000000000 
187.0000 	0.895233370287082000000000000000 
187.5000 	0.895299220136196000000000000000 
188.0000 	0.895364899044091000000000000000 
188.5000 	0.895430407454515000000000000000 
189.0000 	0.895495745810069000000000000000 
189.5000 	0.895560914552201000000000000000 
190.0000 	0.895625914121216000000000000000 
190.5000 	0.895690744956273000000000000000 
191.0000 	0.895755407495394000000000000000 
191.5000 	0.895819902175462000000000000000 
192.0000 	0.895884229432226000000000000000 
192.5000 	0.895948389700304000000000000000 
193.0000 	0.896012383413187000000000000000 
193.5000 	0.896076211003239000000000000000 
194.0000 	0.896139872901703000000000000000 
194.5000 	0.896203369538700000000000000000 
195.0000 	0.896266701343238000000000000000 
195.5000 	0.896329868743210000000000000000 
196.0000 	0.896392872165396000000000000000 
196.5000 	0.896455712035470000000000000000 
197.0000 	0.896518388778003000000000000000 
197.5000 	0.896580902816460000000000000000 
198.0000 	0.896643254573208000000000000000 
198.5000 	0.896705444469520000000000000000 
199.0000 	0.896767472925572000000000000000 
199.5000 	0.896829340360450000000000000000 
400.0000	0.92054