0.0000 	1.751258288784170000000000000000 
0.2000 	1.736327735053030000000000000000 
0.4000 	1.721216412615880000000000000000 
0.6000 	1.705929635365110000000000000000 
0.8000 	1.690473904600260000000000000000 
1.0000 	1.674856573962420000000000000000 
1.2000 	1.659086860546370000000000000000 
1.4000 	1.643174784065760000000000000000 
1.6000 	1.627128362164880000000000000000 
1.8000 	1.610961056415030000000000000000 
2.0000 	1.594684635542620000000000000000 
2.2000 	1.578311232615150000000000000000 
2.4000 	1.561853227967590000000000000000 
2.6000 	1.545323154610510000000000000000 
2.8000 	1.528733526680140000000000000000 
3.0000 	1.512096734769120000000000000000 
3.2000 	1.495425112520860000000000000000 
3.4000 	1.478730559865540000000000000000 
3.6000 	1.462024595335430000000000000000 
3.8000 	1.445318290669730000000000000000 
4.0000 	1.428622217610540000000000000000 
4.2000 	1.411946406633150000000000000000 
4.4000 	1.395300317105560000000000000000 
4.6000 	1.378692817958100000000000000000 
4.8000 	1.362132168083250000000000000000 
5.0000 	1.345626023054680000000000000000 
5.2000 	1.329181441729770000000000000000 
5.4000 	1.312804899359830000000000000000 
5.6000 	1.296502306085730000000000000000 
5.8000 	1.280279029745300000000000000000 
6.0000 	1.264139922000910000000000000000 
6.2000 	1.248089346906370000000000000000 
6.4000 	1.232131211163340000000000000000 
6.6000 	1.216268995462700000000000000000 
6.8000 	1.200505786457860000000000000000 
7.0000 	1.184844309067380000000000000000 
7.2000 	1.169286958947490000000000000000 
7.4000 	1.153835835103810000000000000000 
7.6000 	1.138492772721910000000000000000 
7.8000 	1.123259376383450000000000000000 
8.0000 	1.108137053895890000000000000000 
8.2000 	1.093127050997360000000000000000 
8.4000 	1.078230487205170000000000000000 
8.6000 	1.063448393055450000000000000000 
8.8000 	1.048781748937520000000000000000 
9.0000 	1.034231525660950000000000000000 
9.2000 	1.019798726811300000000000000000 
9.4000 	1.005484432856580000000000000000 
9.6000 	0.991289846866633000000000000000 
9.8000 	0.977216341606562000000000000000 
10.0000 	0.963265507669452000000000000000 
10.2000 	0.949439202228168000000000000000 
10.4000 	0.935739597915621000000000000000 
10.6000 	0.922169231292224000000000000000 
10.8000 	0.908731050331744000000000000000 
11.0000 	0.895428460354862000000000000000 
11.2000 	0.882265367865229000000000000000 
11.4000 	0.869246221796075000000000000000 
11.6000 	0.856376051755961000000000000000 
11.8000 	0.843660500473356000000000000000 
12.0000 	0.831105801590173000000000000000 
12.2000 	0.818718701676142000000000000000 
12.4000 	0.806506373198195000000000000000 
12.6000 	0.794476318334237000000000000000 
12.8000 	0.782636263614643000000000000000 
13.0000 	0.770994045484679000000000000000 
13.2000 	0.759557486973316000000000000000 
13.4000 	0.748334265722923000000000000000 
13.6000 	0.737331773675147000000000000000 
13.8000 	0.726556968716815000000000000000 
14.0000 	0.716016218562806000000000000000 
14.2000 	0.705715137088330000000000000000 
14.4000 	0.695658413219941000000000000000 
14.6000 	0.685849632352578000000000000000 
14.8000 	0.676291098584313000000000000000 
15.0000 	0.666983788009320000000000000000 
15.2000 	0.657927433611487000000000000000 
15.4000 	0.649120616242806000000000000000 
15.6000 	0.640560862266076000000000000000 
15.8000 	0.632244748480684000000000000000 
16.0000 	0.624168014917605000000000000000 
16.2000 	0.616325686060663000000000000000 
16.4000 	0.608712201027915000000000000000 
16.6000 	0.601321553232063000000000000000 
16.8000 	0.594147440035334000000000000000 
17.0000 	0.587183422925657000000000000000 
17.2000 	0.580423098771650000000000000000 
17.4000 	0.573860282768656000000000000000 
17.6000 	0.567489203772523000000000000000 
17.8000 	0.561304703471776000000000000000 
18.0000 	0.555302321845135000000000000000 
18.2000 	0.549478268849780000000000000000 
18.4000 	0.543829394701450000000000000000 
18.6000 	0.538353157765739000000000000000 
18.8000 	0.533047589020373000000000000000 
19.0000 	0.527911252081563000000000000000 
19.2000 	0.522943197845334000000000000000 
19.4000 	0.518142912873404000000000000000 
19.6000 	0.513510260748258000000000000000 
19.8000 	0.509045415728230000000000000000 
20.0000 	0.504748788144492000000000000000 
20.2000 	0.500620941091574000000000000000 
20.4000 	0.496662498064772000000000000000 
20.6000 	0.492874041284970000000000000000 
20.8000 	0.489256004001170000000000000000 
21.0000 	0.485808594124253000000000000000 
21.2000 	0.482531750094006000000000000000 
21.4000 	0.479425094913144000000000000000 
21.6000 	0.476487889450965000000000000000 
21.8000 	0.473718986202025000000000000000 
22.0000 	0.471116784716766000000000000000 
22.2000 	0.468679189920777000000000000000 
22.4000 	0.466403574507259000000000000000 
22.6000 	0.464286746523965000000000000000 
22.8000 	0.462324923182990000000000000000 
23.0000 	0.460513711801669000000000000000 
23.2000 	0.458848098638624000000000000000 
23.4000 	0.457322446224351000000000000000 
23.6000 	0.455930499605098000000000000000 
23.8000 	0.454665401726543000000000000000 
24.0000 	0.453519717985197000000000000000 
24.2000 	0.452485469775271000000000000000 
24.4000 	0.451554176662254000000000000000 
24.6000 	0.450716906626387000000000000000 
24.8000 	0.449964333644267000000000000000 
25.0000 	0.449286801719177000000000000000 
25.2000 	0.448674394334118000000000000000 
25.4000 	0.448117008189021000000000000000 
25.6000 	0.447604429997723000000000000000 
25.8000 	0.447126415062706000000000000000 
26.0000 	0.446672766317346000000000000000 
26.2000 	0.446233412526702000000000000000 
26.4000 	0.445798484368277000000000000000 
26.6000 	0.445358387172360000000000000000 
26.8000 	0.444903869185832000000000000000 
27.0000 	0.444426084331021000000000000000 
27.2000 	0.443916648559506000000000000000 
27.4000 	0.443367689046200000000000000000 
27.6000 	0.442771885627837000000000000000 
27.8000 	0.442122504058221000000000000000 
28.0000 	0.441413420826106000000000000000 
28.2000 	0.440639139456254000000000000000 
28.4000 	0.439794798386002000000000000000 
28.6000 	0.438876170674695000000000000000 
28.8000 	0.437879655957934000000000000000 
29.0000 	0.436802265199519000000000000000 
29.2000 	0.435641598918350000000000000000 
29.4000 	0.434395819672892000000000000000 
29.6000 	0.433063619670393000000000000000 
29.8000 	0.431644184430256000000000000000 
30.0000 	0.430137153470232000000000000000 
30.2000 	0.428542579000028000000000000000 
30.4000 	0.426860883599857000000000000000 
30.6000 	0.425092817832242000000000000000 
30.8000 	0.423239418685322000000000000000 
31.0000 	0.421301969676776000000000000000 
31.2000 	0.419281963361483000000000000000 
31.4000 	0.417181066885619000000000000000 
31.6000 	0.415001091117908000000000000000 
31.8000 	0.412743963768143000000000000000 
32.0000 	0.410411706776934000000000000000 
32.2000 	0.408006418132191000000000000000 
32.4000 	0.405530258140138000000000000000 
32.6000 	0.402985440054746000000000000000 
32.8000 	0.400374224852313000000000000000 
33.0000 	0.397698919830038000000000000000 
33.2000 	0.394961880611300000000000000000 
33.4000 	0.392165516057958000000000000000 
33.6000 	0.389312295522994000000000000000 
33.8000 	0.386404757826505000000000000000 
34.0000 	0.383445521305262000000000000000 
34.2000 	0.380437294271185000000000000000 
34.4000 	0.377382885217101000000000000000 
34.6000 	0.374285212128643000000000000000 
34.8000 	0.371147310298211000000000000000 
35.0000 	0.367972338089340000000000000000 
35.2000 	0.364763580165993000000000000000 
35.4000 	0.361524447779391000000000000000 
35.6000 	0.358258475792783000000000000000 
35.8000 	0.354969316219817000000000000000 
36.0000 	0.351660728152322000000000000000 
36.2000 	0.348336564055846000000000000000 
36.4000 	0.345000752513666000000000000000 
36.6000 	0.341657277599570000000000000000 
36.8000 	0.338310155154158000000000000000 
37.0000 	0.334963406326413000000000000000 
37.2000 	0.331621028819753000000000000000 
37.4000 	0.328286966347940000000000000000 
37.6000 	0.324965076859517000000000000000 
37.8000 	0.321659100128747000000000000000 
38.0000 	0.318372625335404000000000000000 
38.2000 	0.315109059264926000000000000000 
38.4000 	0.311871595754124000000000000000 
38.6000 	0.308663186986247000000000000000 
38.8000 	0.305486517203437000000000000000 
39.0000 	0.302343979355357000000000000000 
39.2000 	0.299237655141517000000000000000 
39.4000 	0.296169298833059000000000000000 
39.6000 	0.293140325179489000000000000000 
39.8000 	0.290151801618923000000000000000 
40.0000 	0.287204444919310000000000000000 
40.2000 	0.284298622284778000000000000000 
40.4000 	0.281434356868347000000000000000 
40.6000 	0.278611337541705000000000000000 
40.8000 	0.275828932687068000000000000000 
41.0000 	0.273086207697055000000000000000 
41.2000 	0.270381945798111000000000000000 
41.4000 	0.267714671752680000000000000000 
41.6000 	0.265082677946549000000000000000 
41.8000 	0.262484052331439000000000000000 
42.0000 	0.259916707669705000000000000000 
42.2000 	0.257378411518293000000000000000 
42.4000 	0.254866816392752000000000000000 
42.6000 	0.252379489568864000000000000000 
42.8000 	0.249913942008484000000000000000 
43.0000 	0.247467655936593000000000000000 
43.2000 	0.245038110646988000000000000000 
43.4000 	0.242622806172972000000000000000 
43.6000 	0.240219284525134000000000000000 
43.8000 	0.237825148269012000000000000000 
44.0000 	0.235438076289102000000000000000 
44.2000 	0.233055836660401000000000000000 
44.4000 	0.230676296622433000000000000000 
44.6000 	0.228297429721668000000000000000 
44.8000 	0.225917320254603000000000000000 
45.0000 	0.223534165203932000000000000000 
45.2000 	0.221146273912793000000000000000 
45.4000 	0.218752065785914000000000000000 
45.6000 	0.216350066340635000000000000000 
45.8000 	0.213938901954669000000000000000 
46.0000 	0.211517293670835000000000000000 
46.2000 	0.209084050421669000000000000000 
46.4000 	0.206638062029243000000000000000 
46.6000 	0.204178292318088000000000000000 
46.8000 	0.201703772652716000000000000000 
47.0000 	0.199213596176866000000000000000 
47.2000 	0.196706912990437000000000000000 
47.4000 	0.194182926453563000000000000000 
47.6000 	0.191640890756898000000000000000 
47.8000 	0.189080109844381000000000000000 
48.0000 	0.186499937721349000000000000000 
48.2000 	0.183899780128150000000000000000 
48.4000 	0.181279097509154000000000000000 
48.6000 	0.178637409160469000000000000000 
48.8000 	0.175974298398144000000000000000 
49.0000 	0.173289418553209000000000000000 
49.2000 	0.170582499571457000000000000000 
49.4000 	0.167853354975131000000000000000 
49.6000 	0.165101888931015000000000000000 
49.8000 	0.162328103165048000000000000000 
50.0000 	0.159532103467470000000000000000 
50.2000 	0.156714105544246000000000000000 
50.4000 	0.153874439989717000000000000000 
50.6000 	0.151013556181223000000000000000 
50.8000 	0.148132024927968000000000000000 
51.0000 	0.145230539742592000000000000000 
51.2000 	0.142309916643506000000000000000 
51.4000 	0.139371092437803000000000000000 
51.6000 	0.136415121477197000000000000000 
51.8000 	0.133443170921521000000000000000 
52.0000 	0.130456514584659000000000000000 
52.2000 	0.127456525475185000000000000000 
52.4000 	0.124444667177227000000000000000 
52.6000 	0.121422484245395000000000000000 
52.8000 	0.118391591810075000000000000000 
53.0000 	0.115353664605548000000000000000 
53.2000 	0.112310425642749000000000000000 
53.4000 	0.109263634751029000000000000000 
53.6000 	0.106215077208949000000000000000 
53.8000 	0.103166552673307000000000000000 
54.0000 	0.100119864598706000000000000000 
54.2000 	0.097076810317684100000000000000 
54.4000 	0.094039171924601700000000000000 
54.6000 	0.091008708076012600000000000000 
54.8000 	0.087987146787234700000000000000 
55.0000 	0.084976179270382000000000000000 
55.2000 	0.081977454824329600000000000000 
55.4000 	0.078992576753122200000000000000 
55.6000 	0.076023099257259700000000000000 
55.8000 	0.073070525213099500000000000000 
56.0000 	0.070136304730198000000000000000 
56.2000 	0.067221834355517900000000000000 
56.4000 	0.064328456777643100000000000000 
56.6000 	0.061457460873897100000000000000 
56.8000 	0.058610081938766000000000000000 
57.0000 	0.055787501933358000000000000000 
57.2000 	0.052990849602625800000000000000 
57.4000 	0.050221360975016200000000000000 
57.6000 	0.047480897100618100000000000000 
57.8000 	0.044771951324968500000000000000 
58.0000 	0.042097623667457200000000000000 
58.2000 	0.039461593660406800000000000000 
58.4000 	0.036868091834901600000000000000 
58.6000 	0.034321870092086200000000000000 
58.8000 	0.031828171252498600000000000000 
59.0000 	0.029392698128846500000000000000 
59.2000 	0.027021582517101600000000000000 
59.4000 	0.024721354544404000000000000000 
59.6000 	0.022498912847641000000000000000 
59.8000 	0.020361496081389400000000000000 
60.0000 	0.018316656266177400000000000000 
60.2000 	0.016372234486052500000000000000 
60.4000 	0.014535886276846000000000000000 
60.6000 	0.012813702279621800000000000000 
60.8000 	0.011210187126923400000000000000 
61.0000 	0.009728323529027450000000000000 
61.2000 	0.008369638094675270000000000000 
61.4000 	0.007134268166493020000000000000 
61.6000 	0.006021028896980210000000000000 
61.8000 	0.005027479755924230000000000000 
62.0000 	0.004149989647100420000000000000 
62.2000 	0.003383799822953560000000000000 
62.4000 	0.002723083821430340000000000000 
62.6000 	0.002161003708997450000000000000 
62.8000 	0.001689761996855230000000000000 
63.0000 	0.001300648701162710000000000000 
63.2000 	0.000984083139551720000000000000 
63.4000 	0.000730071308339963000000000000 
63.6000 	0.000529425182090862000000000000 
63.8000 	0.000373801989538933000000000000 
64.0000 	0.000191916340557730000000000000 
64.2000 	0.000098533134664427800000000000 
64.4000 	0.000050588598128660900000000000 
64.6000 	0.000025973052307114600000000000 
64.8000 	0.000013335009688001600000000000 
65.0000 	0.000006846422256285500000000000 
65.2000 	0.000003515070390502720000000000 
65.4000 	0.000001804697313088670000000000 
65.6000 	0.000000926562495211847000000000 
65.8000 	0.000000475713046895316000000000 
66.0000 	0.000000244239222023209000000000 
66.2000 	0.000000125396597725918000000000 
66.4000 	0.000000064380759940929700000000 
66.6000 	0.000000033054184290001000000000 
66.8000 	0.000000016970584070144600000000 
67.0000 	0.000000008712988381594080000000 
67.2000 	0.000000004473397393042480000000 
67.4000 	0.000000002296718801823770000000 
67.6000 	0.000000001179174750460350000000 
67.8000 	0.000000000605408503217329000000 
68.0000 	0.000000000310827089559674000000 
68.2000 	0.000000000159583948839013000000 
68.4000 	0.000000000081933131256771000000 
68.6000 	0.000000000042065872203170500000 
68.8000 	0.000000000021597338916145000000 
69.0000 	0.000000000011088443525097600000 
69.2000 	0.000000000005692996729211240000 
69.4000 	0.000000000002922881979373600000 
69.6000 	0.000000000001500657645122270000 
69.8000 	0.000000000000770463324812913000 
70.0000 	0.000000000000395569060545718000 
70.2000 	0.000000000000203091927443811000 
70.4000 	0.000000000000104270872286977000 
70.6000 	0.000000000000053534450848595500 
70.8000 	0.000000000000027485503523677800 
71.0000 	0.000000000000014111528034286800 
71.2000 	0.000000000000007245100068511200 
71.4000 	0.000000000000003719758404277850 
71.6000 	0.000000000000001909787643421600 
71.8000 	0.000000000000000980517669849565 
72.0000 	0.000000000000000503414557214714 
72.2000 	0.000000000000000258461651644246 
72.4000 	0.000000000000000132698636567594 
72.6000 	0.000000000000000068129751686087 
72.8000 	0.000000000000000034978980831077 
73.0000 	0.000000000000000017958807564988 
73.2000 	0.000000000000000009220359241277 
73.4000 	0.000000000000000004733890278102 
73.6000 	0.000000000000000002430460308399 
73.8000 	0.000000000000000001247839929462 
74.0000 	0.000000000000000000000000000000 
74.2000 	0.000000000000000000000000000000 
74.4000 	0.000000000000000000000000000000 
74.6000 	0.000000000000000000000000000000 
74.8000 	0.000000000000000000000000000000 
75.0000 	0.000000000000000000000000000000 
75.2000 	0.000000000000000000000000000000 
75.4000 	0.000000000000000000000000000000 
75.6000 	0.000000000000000000000000000000 
75.8000 	0.000000000000000000000000000000 
76.0000 	0.000000000000000000000000000000 
76.2000 	0.000000000000000000000000000000 
76.4000 	0.000000000000000000000000000000 
76.6000 	0.000000000000000000000000000000 
76.8000 	0.000000000000000000000000000000 
77.0000 	0.000000000000000000000000000000 
77.2000 	0.000000000000000000000000000000 
77.4000 	0.000000000000000000000000000000 
77.6000 	0.000000000000000000000000000000 
77.8000 	0.000000000000000000000000000000 
78.0000 	0.000000000000000000000000000000 
78.2000 	0.000000000000000000000000000000 
78.4000 	0.000000000000000000000000000000 
78.6000 	0.000000000000000000000000000000 
78.8000 	0.000000000000000000000000000000 
79.0000 	0.000000000000000000000000000000 
79.2000 	0.000000000000000000000000000000 
79.4000 	0.000000000000000000000000000000 
79.6000 	0.000000000000000000000000000000 
79.8000 	0.000000000000000000000000000000 
80.0000 	0.000000000000000000000000000000 
80.2000 	0.000000000000000000000000000000 
80.4000 	0.000000000000000000000000000000 
80.6000 	0.000000000000000000000000000000 
80.8000 	0.000000000000000000000000000000 
81.0000 	0.000000000000000000000000000000 
81.2000 	0.000000000000000000000000000000 
81.4000 	0.000000000000000000000000000000 
81.6000 	0.000000000000000000000000000000 
81.8000 	0.000000000000000000000000000000 
82.0000 	0.000000000000000000000000000000 
82.2000 	0.000000000000000000000000000000 
82.4000 	0.000000000000000000000000000000 
82.6000 	0.000000000000000000000000000000 
82.8000 	0.000000000000000000000000000000 
83.0000 	0.000000000000000000000000000000 
83.2000 	0.000000000000000000000000000000 
83.4000 	0.000000000000000000000000000000 
83.6000 	0.000000000000000000000000000000 
83.8000 	0.000000000000000000000000000000 
84.0000 	0.000000000000000000000000000000 
84.2000 	0.000000000000000000000000000000 
84.4000 	0.000000000000000000000000000000 
84.6000 	0.000000000000000000000000000000 
84.8000 	0.000000000000000000000000000000 
85.0000 	0.000000000000000000000000000000 
85.2000 	0.000000000000000000000000000000 
85.4000 	0.000000000000000000000000000000 
85.6000 	0.000000000000000000000000000000 
85.8000 	0.000000000000000000000000000000 
86.0000 	0.000000000000000000000000000000 
86.2000 	0.000000000000000000000000000000 
86.4000 	0.000000000000000000000000000000 
86.6000 	0.000000000000000000000000000000 
86.8000 	0.000000000000000000000000000000 
87.0000 	0.000000000000000000000000000000 
87.2000 	0.000000000000000000000000000000 
87.4000 	0.000000000000000000000000000000 
87.6000 	0.000000000000000000000000000000 
87.8000 	0.000000000000000000000000000000 
88.0000 	0.000000000000000000000000000000 
88.2000 	0.000000000000000000000000000000 
88.4000 	0.000000000000000000000000000000 
88.6000 	0.000000000000000000000000000000 
88.8000 	0.000000000000000000000000000000 
89.0000 	0.000000000000000000000000000000 
89.2000 	0.000000000000000000000000000000 
89.4000 	0.000000000000000000000000000000 
89.6000 	0.000000000000000000000000000000 
89.8000 	0.000000000000000000000000000000 
90.0000 	0.000000000000000000000000000000 
90.2000 	0.000000000000000000000000000000 
90.4000 	0.000000000000000000000000000000 
90.6000 	0.000000000000000000000000000000 
90.8000 	0.000000000000000000000000000000 
91.0000 	0.000000000000000000000000000000 
91.2000 	0.000000000000000000000000000000 
91.4000 	0.000000000000000000000000000000 
91.6000 	0.000000000000000000000000000000 
91.8000 	0.000000000000000000000000000000 
92.0000 	0.000000000000000000000000000000 
92.2000 	0.000000000000000000000000000000 
92.4000 	0.000000000000000000000000000000 
92.6000 	0.000000000000000000000000000000 
92.8000 	0.000000000000000000000000000000 
93.0000 	0.000000000000000000000000000000 
400.0000 	0.000000000000000000000000000000 