0.0000	0.3180835
0.2000	0.3210185
0.4000	0.3239535
0.6000	0.3268886
0.8000	0.3298236
1.0000	0.3327587
1.2000	0.3356937
1.4000	0.3386288
1.6000	0.3415639
1.8000	0.3444989
2.0000	0.347434
2.2000	0.350369
2.4000	0.3533044
2.6000	0.3562462
2.8000	0.3592063
3.0000	0.3621992
3.2000	0.3652397
3.4000	0.3683416
3.6000	0.3715162
3.8000	0.3747723
4.0000	0.3781156
4.2000	0.381549
4.4000	0.3850728
4.6000	0.3886849
4.8000	0.3923812
5.0000	0.3961563
5.2000	0.4000035
5.4000	0.4039152
5.6000	0.4078836
5.8000	0.4119003
6.0000	0.4159572
6.2000	0.4200462
6.4000	0.4241593
6.6000	0.428289
6.8000	0.4324283
7.0000	0.4365702
7.2000	0.4407086
7.4000	0.4448373
7.6000	0.448951
7.8000	0.4530444
8.0000	0.4571126
8.2000	0.4611513
8.4000	0.4651562
8.6000	0.4691235
8.8000	0.4730496
9.0000	0.4769312
9.2000	0.4807652
9.4000	0.484549
9.6000	0.4882798
9.8000	0.4919555
10.0000	0.4955739
10.2000	0.4991333
10.4000	0.502632
10.6000	0.5060685
10.8000	0.5094415
11.0000	0.5127496
11.2000	0.5159914
11.4000	0.5191656
11.6000	0.5222703
11.8000	0.5253034
12.0000	0.5282624
12.2000	0.5311438
12.4000	0.5339438
12.6000	0.5366571
12.8000	0.539278
13.0000	0.5417999
13.2000	0.5442156
13.4000	0.546518
13.6000	0.5487009
13.8000	0.55076
14.0000	0.5526952
14.2000	0.5545105
14.4000	0.5562131
14.6000	0.5578128
14.8000	0.5593209
15.0000	0.5607489
15.2000	0.5621086
15.4000	0.5634106
15.6000	0.564665
15.8000	0.56588
16.0000	0.5670631
16.2000	0.5682203
16.4000	0.5693565
16.6000	0.5704756
16.8000	0.5715806
17.0000	0.5726738
17.2000	0.5737571
17.4000	0.5748315
17.6000	0.5758983
17.8000	0.5769581
18.0000	0.5780116
18.2000	0.579059
18.4000	0.5801009
18.6000	0.5811376
18.8000	0.5821694
19.0000	0.5831965
19.2000	0.5842193
19.4000	0.5852381
19.6000	0.5862531
19.8000	0.5872645
20.0000	0.5882728
20.2000	0.5892779
20.4000	0.5902803
20.6000	0.5912801
20.8000	0.5922776
21.0000	0.5932728
21.2000	0.5942661
21.4000	0.5952574
21.6000	0.5962471
21.8000	0.5972351
22.0000	0.5982218
22.2000	0.5992071
22.4000	0.6001912
22.6000	0.6011741
22.8000	0.6021559
23.0000	0.6031368
23.2000	0.6041167
23.4000	0.6050959
23.6000	0.6060742
23.8000	0.6070518
24.0000	0.6080287
24.2000	0.609005
24.4000	0.6099807
24.6000	0.6109558
24.8000	0.6119305
25.0000	0.6129047
25.2000	0.6138784
25.4000	0.6148517
25.6000	0.6158246
25.8000	0.6167973
26.0000	0.6177695
26.2000	0.6187415
26.4000	0.6197131
26.6000	0.6206844
26.8000	0.6216556
27.0000	0.6226264
27.2000	0.6235971
27.4000	0.6245675
27.6000	0.6255378
27.8000	0.6265078
28.0000	0.6274776
28.2000	0.6284473
28.4000	0.6294168
28.6000	0.6303862
28.8000	0.6313554
29.0000	0.6323245
29.2000	0.6332933
29.4000	0.6342621
29.6000	0.6352308
29.8000	0.6361992
30.0000	0.6371676
30.2000	0.6381359
30.4000	0.6391039
30.6000	0.6400719
30.8000	0.6410398
31.0000	0.6420075
31.2000	0.6429751
31.4000	0.6439425
31.6000	0.6449099
31.8000	0.6458771
32.0000	0.6468441
32.2000	0.6478111
32.4000	0.6487779
32.6000	0.6497446
32.8000	0.6507111
33.0000	0.6516775
33.2000	0.6526437
33.4000	0.6536098
33.6000	0.6545757
33.8000	0.6555415
34.0000	0.6565071
34.2000	0.6574725
34.4000	0.6584378
34.6000	0.6594028
34.8000	0.6603677
35.0000	0.6613325
35.2000	0.662297
35.4000	0.6632614
35.6000	0.6642255
35.8000	0.6651894
36.0000	0.6661532
36.2000	0.6671168
36.4000	0.6680801
36.6000	0.6690432
36.8000	0.670006
37.0000	0.6709687
37.2000	0.6719311
37.4000	0.6728932
37.6000	0.6738552
37.8000	0.6748168
38.0000	0.6757782
38.2000	0.6767393
38.4000	0.6777002
38.6000	0.6786608
38.8000	0.679621
39.0000	0.6805811
39.2000	0.6815408
39.4000	0.6825002
39.6000	0.6834594
39.8000	0.6844181
40.0000	0.6853766
40.2000	0.6863348
40.4000	0.6872927
40.6000	0.6882502
40.8000	0.6892074
41.0000	0.6901642
41.2000	0.6911207
41.4000	0.6920768
41.6000	0.6930326
41.8000	0.6939879
42.0000	0.694943
42.2000	0.6958976
42.4000	0.6968518
42.6000	0.6978056
42.8000	0.6987591
43.0000	0.6997121
43.2000	0.7006647
43.4000	0.7016169
43.6000	0.7025687
43.8000	0.7035201
44.0000	0.704471
44.2000	0.7054215
44.4000	0.7063715
44.6000	0.7073211
44.8000	0.7082703
45.0000	0.7092189
45.2000	0.7101671
45.4000	0.7111148
45.6000	0.7120621
45.8000	0.7130088
46.0000	0.713955
46.2000	0.7149007
46.4000	0.715846
46.6000	0.7167907
46.8000	0.7177349
47.0000	0.7186786
47.2000	0.7196218
47.4000	0.7205644
47.6000	0.7215065
47.8000	0.722448
48.0000	0.723389
48.2000	0.7243294
48.4000	0.7252693
48.6000	0.7262085
48.8000	0.7271472
49.0000	0.7280853
49.2000	0.7290229
49.4000	0.7299598
49.6000	0.7308962
49.8000	0.7318319
50.0000	0.732767
50.2000	0.7337016
50.4000	0.7346355
50.6000	0.7355688
50.8000	0.7365014
51.0000	0.7374334
51.2000	0.7383648
51.4000	0.7392955
51.6000	0.7402256
51.8000	0.741155
52.0000	0.7420837
52.2000	0.7430118
52.4000	0.7439392
52.6000	0.7448659
52.8000	0.7457919
53.0000	0.7467173
53.2000	0.7476419
53.4000	0.7485659
53.6000	0.7494891
53.8000	0.7504116
54.0000	0.7513334
54.2000	0.7522545
54.4000	0.7531748
54.6000	0.7540944
54.8000	0.7550133
55.0000	0.7559314
55.2000	0.7568488
55.4000	0.7577654
55.6000	0.7586813
55.8000	0.7595963
56.0000	0.7605107
56.2000	0.7614242
56.4000	0.762337
56.6000	0.763249
56.8000	0.7641602
57.0000	0.7650706
57.2000	0.7659802
57.4000	0.766889
57.6000	0.767797
57.8000	0.7687042
58.0000	0.7696105
58.2000	0.7705161
58.4000	0.7714208
58.6000	0.7723247
58.8000	0.7732277
59.0000	0.7741299
59.2000	0.7750312
59.4000	0.7759317
59.6000	0.7768313
59.8000	0.7777301
60.0000	0.778628
60.2000	0.779525
60.4000	0.7804212
60.6000	0.7813165
60.8000	0.7822109
61.0000	0.7831044
61.2000	0.783997
61.4000	0.7848887
61.6000	0.7857795
61.8000	0.7866694
62.0000	0.7875584
62.2000	0.7884465
62.4000	0.7893338
62.6000	0.79022
62.8000	0.7911053
63.0000	0.7919897
63.2000	0.7928731
63.4000	0.7937557
63.6000	0.7946373
63.8000	0.7955179
64.0000	0.7963975
64.2000	0.7972763
64.4000	0.798154
64.6000	0.7990307
64.8000	0.7999066
65.0000	0.8007814
65.2000	0.8016552
65.4000	0.802528
65.6000	0.8033999
65.8000	0.8042707
66.0000	0.8051405
66.2000	0.8060093
66.4000	0.806877
66.6000	0.8077437
66.8000	0.8086093
67.0000	0.8094738
67.2000	0.8103374
67.4000	0.8111998
67.6000	0.8120613
67.8000	0.8129218
68.0000	0.8137815
68.2000	0.8146405
68.4000	0.8154988
68.6000	0.8163567
68.8000	0.8172144
69.0000	0.818072
69.2000	0.8189297
69.4000	0.8197874
69.6000	0.8206453
69.8000	0.8215029
70.0000	0.8223597
70.2000	0.8232148
70.4000	0.8240668
70.6000	0.8249137
70.8000	0.8257529
71.0000	0.826581
71.2000	0.8273943
71.4000	0.8281885
71.6000	0.8289596
71.8000	0.8297042
72.0000	0.8304203
72.2000	0.8311086
72.4000	0.8317719
72.6000	0.8324137
72.8000	0.8330382
73.0000	0.8336491
73.2000	0.8342497
73.4000	0.834843
73.6000	0.8354309
73.8000	0.836015
74.0000	0.8365965
74.2000	0.837176
74.4000	0.8377537
74.6000	0.8383299
74.8000	0.8389044
75.0000	0.8394772
75.2000	0.8400481
75.4000	0.8406169
75.6000	0.8411834
75.8000	0.8417473
76.0000	0.8423088
76.2000	0.8428674
76.4000	0.8434233
76.6000	0.8439763
76.8000	0.8445264
77.0000	0.8450735
77.2000	0.8456178
77.4000	0.846159
77.6000	0.8466972
77.8000	0.8472325
78.0000	0.8477648
78.2000	0.8482942
78.4000	0.8488205
78.6000	0.8493438
78.8000	0.8498642
79.0000	0.8503816
79.2000	0.850896
79.4000	0.8514073
79.6000	0.8519157
79.8000	0.852421
80.0000	0.8529233
80.2000	0.8534226
80.4000	0.8539189
80.6000	0.854412
80.8000	0.8549022
81.0000	0.8553893
81.2000	0.8558734
81.4000	0.8563544
81.6000	0.8568324
81.8000	0.8573073
82.0000	0.8577792
82.2000	0.8582481
82.4000	0.8587138
82.6000	0.8591765
82.8000	0.8596362
83.0000	0.8600929
83.2000	0.8605465
83.4000	0.860997
83.6000	0.8614445
83.8000	0.861889
84.0000	0.8623304
84.2000	0.8627689
84.4000	0.8632042
84.6000	0.8636366
84.8000	0.864066
85.0000	0.8644924
85.2000	0.8649157
85.4000	0.8653361
85.6000	0.8657534
85.8000	0.8661678
86.0000	0.8665792
86.2000	0.8669876
86.4000	0.867393
86.6000	0.8677955
86.8000	0.8681951
87.0000	0.8685917
87.2000	0.8689854
87.4000	0.8693761
87.6000	0.869764
87.8000	0.8701489
88.0000	0.870531
88.2000	0.8709101
88.4000	0.8712863
88.6000	0.8716598
88.8000	0.8720303
89.0000	0.872398
89.2000	0.8727629
89.4000	0.873125
89.6000	0.8734842
89.8000	0.8738406
90.0000	0.8741943
90.2000	0.8745452
90.4000	0.8748933
90.6000	0.8752387
90.8000	0.8755813
91.0000	0.8759212
91.2000	0.8762584
91.4000	0.8765928
91.6000	0.8769246
91.8000	0.8772537
92.0000	0.8775802
92.2000	0.8779039
92.4000	0.8782251
92.6000	0.8785436
92.8000	0.8788595
93.0000	0.8791729
93.2000	0.8794836
93.4000	0.8797917
93.6000	0.8800973
93.8000	0.8804004
94.0000	0.8807009
94.2000	0.880999
94.4000	0.8812945
94.6000	0.8815876
94.8000	0.8818782
95.0000	0.8821663
95.2000	0.882452
95.4000	0.8827353
95.6000	0.8830162
95.8000	0.8832946
96.0000	0.8835707
96.2000	0.8838445
96.4000	0.8841159
96.6000	0.8843849
96.8000	0.8846517
97.0000	0.8849161
97.2000	0.8851782
97.4000	0.8854381
97.6000	0.8856957
97.8000	0.885951
98.0000	0.8862042
98.2000	0.8864551
98.4000	0.8867039
98.6000	0.8869504
98.8000	0.8871948
99.0000	0.8874371
99.2000	0.8876772
99.4000	0.8879152
99.6000	0.888151
99.8000	0.8883849
100.0000	0.8886166
400.0000	0.917