0.0000	0.900000000000000000000000000000
0.5000	0.900000000000000000000000000000
1.0000	0.900000000000000000000000000000
1.5000	0.900000000000000000000000000000
2.0000	0.899000000000000000000000000000
2.5000	0.897150000000000000000000000000
3.0000	0.893830000000000000000000000000
3.5000	0.888640000000000000000000000000
4.0000	0.881170000000000000000000000000
4.5000	0.871020000000000000000000000000
5.0000	0.858030000000000000000000000000
5.5000	0.842270000000000000000000000000
6.0000	0.824020000000000000000000000000
6.5000	0.803830000000000000000000000000
7.0000	0.782250000000000000000000000000
7.5000	0.759860000000000000000000000000
8.0000	0.737210000000000000000000000000
8.5000	0.714870000000000000000000000000
9.0000	0.693380000000000000000000000000
9.5000	0.673080000000000000000000000000
10.0000	0.654050000000000000000000000000
10.5000	0.636370000000000000000000000000
11.0000	0.620090000000000000000000000000
11.5000	0.605260000000000000000000000000
12.0000	0.591890000000000000000000000000
12.5000	0.580010000000000000000000000000
13.0000	0.569600000000000000000000000000
13.5000	0.560640000000000000000000000000
14.0000	0.553090000000000000000000000000
14.5000	0.546850000000000000000000000000
15.0000	0.541810000000000000000000000000
15.5000	0.537850000000000000000000000000
16.0000	0.534810000000000000000000000000
16.5000	0.532520000000000000000000000000
17.0000	0.530840000000000000000000000000
17.5000	0.529600000000000000000000000000
18.0000	0.528680000000000000000000000000
18.5000	0.527950000000000000000000000000
19.0000	0.527320000000000000000000000000
19.5000	0.526720000000000000000000000000
20.0000	0.526100000000000000000000000000
20.5000	0.525410000000000000000000000000
21.0000	0.524630000000000000000000000000
21.5000	0.523730000000000000000000000000
22.0000	0.522680000000000000000000000000
22.5000	0.521490000000000000000000000000
23.0000	0.520130000000000000000000000000
23.5000	0.518590000000000000000000000000
24.0000	0.516890000000000000000000000000
24.5000	0.515010000000000000000000000000
25.0000	0.512950000000000000000000000000
25.5000	0.510730000000000000000000000000
26.0000	0.508340000000000000000000000000
26.5000	0.505780000000000000000000000000
27.0000	0.503080000000000000000000000000
27.5000	0.500220000000000000000000000000
28.0000	0.497210000000000000000000000000
28.5000	0.494060000000000000000000000000
29.0000	0.490780000000000000000000000000
29.5000	0.487360000000000000000000000000
30.0000	0.483800000000000000000000000000
30.5000	0.480110000000000000000000000000
31.0000	0.476290000000000000000000000000
31.5000	0.472330000000000000000000000000
32.0000	0.468220000000000000000000000000
32.5000	0.463970000000000000000000000000
33.0000	0.459570000000000000000000000000
33.5000	0.455010000000000000000000000000
34.0000	0.450280000000000000000000000000
34.5000	0.445370000000000000000000000000
35.0000	0.440280000000000000000000000000
35.5000	0.435000000000000000000000000000
36.0000	0.429510000000000000000000000000
36.5000	0.423820000000000000000000000000
37.0000	0.417900000000000000000000000000
37.5000	0.411760000000000000000000000000
38.0000	0.405400000000000000000000000000
38.5000	0.398790000000000000000000000000
39.0000	0.391960000000000000000000000000
39.5000	0.384880000000000000000000000000
40.0000	0.377570000000000000000000000000
40.5000	0.370040000000000000000000000000
41.0000	0.362280000000000000000000000000
41.5000	0.354310000000000000000000000000
42.0000	0.346140000000000000000000000000
42.5000	0.337780000000000000000000000000
43.0000	0.329250000000000000000000000000
43.5000	0.320580000000000000000000000000
44.0000	0.311770000000000000000000000000
44.5000	0.302860000000000000000000000000
45.0000	0.293870000000000000000000000000
45.5000	0.284810000000000000000000000000
46.0000	0.275720000000000000000000000000
46.5000	0.266620000000000000000000000000
47.0000	0.257530000000000000000000000000
47.5000	0.248480000000000000000000000000
48.0000	0.239490000000000000000000000000
48.5000	0.230580000000000000000000000000
49.0000	0.221770000000000000000000000000
49.5000	0.213070000000000000000000000000
50.0000	0.204520000000000000000000000000
50.5000	0.196110000000000000000000000000
51.0000	0.187860000000000000000000000000
51.5000	0.179790000000000000000000000000
52.0000	0.171890000000000000000000000000
52.5000	0.164190000000000000000000000000
53.0000	0.156670000000000000000000000000
53.5000	0.149350000000000000000000000000
54.0000	0.142210000000000000000000000000
54.5000	0.135270000000000000000000000000
55.0000	0.128520000000000000000000000000
55.5000	0.121960000000000000000000000000
56.0000	0.115570000000000000000000000000
56.5000	0.109360000000000000000000000000
57.0000	0.103310000000000000000000000000
57.5000	0.097432000000000000000000000000
58.0000	0.091705000000000000000000000000
58.5000	0.086129000000000000000000000000
59.0000	0.080698000000000000000000000000
59.5000	0.075407000000000000000000000000
60.0000	0.070254000000000000000000000000
60.5000	0.065235000000000000000000000000
61.0000	0.060349000000000000000000000000
61.5000	0.055593000000000000000000000000
62.0000	0.050968000000000000000000000000
62.5000	0.046473000000000000000000000000
63.0000	0.042104000000000000000000000000
63.5000	0.037861000000000000000000000000
64.0000	0.033738000000000000000000000000
64.5000	0.029730000000000000000000000000
65.0000	0.025836000000000000000000000000
65.5000	0.022085000000000000000000000000
66.0000	0.018520000000000000000000000000
66.5000	0.015184000000000000000000000000
67.0000	0.012118000000000000000000000000
67.5000	0.009363700000000000000000000000
68.0000	0.006971900000000000000000000000
68.5000	0.004971700000000000000000000000
69.0000	0.003366500000000000000000000000
69.5000	0.002145900000000000000000000000
70.0000	0.001266600000000000000000000000
70.5000	0.000671220000000000000000000000
71.0000	0.000303680000000000000000000000
71.5000	0.000108620000000000000000000000
72.0000	0.000031121000000000000000000000
72.5000	0.000008916200000000000000000000
73.0000	0.000002554500000000000000000000
73.5000	0.000000731890000000000000000000
74.0000	0.000000209690000000000000000000
74.5000	0.000000060077000000000000000000
75.0000	0.000000017212000000000000000000
75.5000	0.000000004931400000000000000000
76.0000	0.000000001412900000000000000000
76.5000	0.000000000404800000000000000000
77.0000	0.000000000115980000000000000000
77.5000	0.000000000033228000000000000000
78.0000	0.000000000009519900000000000000
78.5000	0.000000000002727500000000000000
79.0000	0.000000000000781440000000000000
79.5000	0.000000000000223890000000000000
80.0000	0.000000000000064145000000000000
80.5000	0.000000000000018378000000000000
81.0000	0.000000000000005265300000000000
81.5000	0.000000000000001508500000000000
82.0000	0.000000000000000432200000000000
82.5000	0.000000000000000123830000000000
83.0000	0.000000000000000035477000000000
83.5000	0.000000000000000010164000000000
84.0000	0.000000000000000002912200000000
84.5000	0.000000000000000000834350000000
85.0000	0.000000000000000000239040000000
85.5000	0.000000000000000000068487000000
86.0000	0.000000000000000000019622000000
86.5000	0.000000000000000000005621800000
87.0000	0.000000000000000000001610700000
87.5000	0.000000000000000000000461460000
88.0000	0.000000000000000000000132210000
88.5000	0.000000000000000000000037879000
89.0000	0.000000000000000000000010853000
89.5000	0.000000000000000000000003109300
90.0000	0.000000000000000000000000890840
90.5000	0.000000000000000000000000255230
91.0000	0.000000000000000000000000073124
91.5000	0.000000000000000000000000020950
92.0000	0.000000000000000000000000006002
92.5000	0.000000000000000000000000001720
93.0000	0.000000000000000000000000000493
93.5000	0.000000000000000000000000000052
94.0000	0.000000000000000000000000000006
94.5000	0.000000000000000000000000000001
95.0000	0.000000000000000000000000000000
400.0000	0.000000000000000000000000000000