0	0.399
0.106737825	0.410588383
0.21347565	0.413058813
0.320213476	0.415529242
0.426951301	0.417999672
0.533689126	0.420470102
0.640426951	0.422940532
0.747164777	0.425410961
0.853902602	0.427881391
0.960640427	0.430351821
1.067378252	0.432822251
1.174116077	0.435088814
1.280853903	0.436614663
1.387591728	0.438140512
1.494329553	0.439666362
1.601067378	0.441192211
1.707805203	0.44271806
1.814543029	0.444243909
1.921280854	0.445769758
2.028018679	0.447295607
2.134756504	0.448821456
2.24149433	0.450347306
2.348232155	0.45184462
2.45496998	0.453304363
2.561707805	0.454764105
2.66844563	0.456223848
2.775183456	0.457683591
2.881921281	0.459143334
2.988659106	0.460603077
3.095396931	0.46206282
3.202134757	0.463522563
3.308872582	0.464982306
3.415610407	0.466442049
3.522348232	0.467858966
3.629086057	0.469252568
3.735823883	0.47064617
3.842561708	0.472039772
3.949299533	0.473433374
4.056037358	0.474826976
4.162775183	0.476220578
4.269513009	0.47761418
4.376250834	0.479007782
4.482988659	0.480401384
4.589726484	0.481794986
4.69646431	0.483131647
4.803202135	0.484459292
4.90993996	0.485786937
5.016677785	0.487114583
5.12341561	0.488442228
5.230153436	0.489769873
5.336891261	0.491097518
5.443629086	0.492425163
5.550366911	0.493752809
5.657104736	0.495080454
5.763842562	0.496402926
5.870580387	0.49766521
5.977318212	0.498927494
6.084056037	0.500189779
6.190793863	0.501452063
6.297531688	0.502714347
6.404269513	0.503976631
6.511007338	0.505238915
6.617745163	0.506501199
6.724482989	0.507763483
6.831220814	0.509025767
6.937958639	0.510269087
7.044696464	0.511467079
7.15143429	0.512665072
7.258172115	0.513863065
7.36490994	0.515061057
7.471647765	0.51625905
7.57838559	0.517457042
7.685123416	0.518655035
7.791861241	0.519853027
7.898599066	0.52105102
8.005336891	0.522249012
8.112074716	0.523414967
8.218812542	0.524550237
8.325550367	0.525685508
8.432288192	0.526820778
8.539026017	0.527956048
8.645763843	0.529091319
8.752501668	0.530226589
8.859239493	0.531361859
8.965977318	0.532497129
9.072715143	0.5336324
9.179452969	0.53476767
9.286190794	0.535858883
9.392928619	0.53693352
9.499666444	0.538008158
9.60640427	0.539082795
9.713142095	0.540157432
9.81987992	0.541232069
9.926617745	0.542306706
10.03335557	0.543381344
10.1400934	0.544455981
10.24683122	0.545530618
10.35356905	0.546605255
10.46030687	0.547625175
10.5670447	0.548641754
10.67378252	0.549658332
10.78052035	0.550674911
10.88725817	0.551691489
10.993996	0.552708068
11.10073382	0.553724646
11.20747165	0.554741225
11.31420947	0.555757803
11.4209473	0.556774382
11.52768512	0.557782235
11.63442295	0.558743689
11.74116077	0.559705143
11.8478986	0.560666597
11.95463642	0.56162805
12.06137425	0.562589504
12.16811207	0.563550958
12.2748499	0.564512411
12.38158773	0.565473865
12.48832555	0.566435319
12.59506338	0.567396772
12.7018012	0.568338768
12.80853903	0.569248208
12.91527685	0.570157649
13.02201468	0.571067089
13.1287525	0.571976529
13.23549033	0.57288597
13.34222815	0.57379541
13.44896598	0.574704851
13.5557038	0.575614291
13.66244163	0.576523731
13.76917945	0.577433172
13.87591728	0.578313807
13.9826551	0.579174419
14.08939293	0.580035031
14.19613075	0.580895643
14.30286858	0.581756255
14.4096064	0.582616867
14.51634423	0.583477479
14.62308205	0.584338091
14.72981988	0.585198703
14.83655771	0.586059315
14.94329553	0.586919927
15.05003336	0.587743813
15.15677118	0.588558846
15.26350901	0.589373879
15.37024683	0.590188911
15.47698466	0.591003944
15.58372248	0.591818976
15.69046031	0.592634009
15.79719813	0.593449042
15.90393596	0.594264074
16.01067378	0.595079107
16.11741161	0.595893226
16.22414943	0.596665952
16.33088726	0.597438678
16.43762508	0.598211403
16.54436291	0.598984129
16.65110073	0.599756854
16.75783856	0.60052958
16.86457638	0.601302306
16.97131421	0.602075031
17.07805203	0.602847757
17.18478986	0.603620482
17.29152769	0.604383926
17.39826551	0.605117554
17.50500334	0.605851183
17.61174116	0.606584811
17.71847899	0.60731844
17.82521681	0.608052068
17.93195464	0.608785697
18.03869246	0.609519325
18.14543029	0.610252953
18.25216811	0.610986582
18.35890594	0.61172021
18.46564376	0.61243752
18.57238159	0.613135144
18.67911941	0.613832767
18.78585724	0.614530391
18.89259506	0.615228014
18.99933289	0.615925638
19.10607071	0.616623261
19.21280854	0.617320885
19.31954636	0.618018508
19.42628419	0.618716132
19.53302201	0.619413755
19.63975984	0.620089277
19.74649767	0.620753865
19.85323549	0.621418454
19.95997332	0.622083043
20.06671114	0.622747631
20.17344897	0.62341222
20.28018679	0.624076809
20.38692462	0.624741397
20.49366244	0.625405986
20.60040027	0.626070575
20.70713809	0.626735164
20.81387592	0.627373083
20.92061374	0.628007534
21.02735157	0.628641985
21.13408939	0.629276436
21.24082722	0.629910886
21.34756504	0.630545337
21.45430287	0.631179788
21.56104069	0.631814239
21.66777852	0.632448689
21.77451634	0.63308314
21.88125417	0.633714847
21.98799199	0.634322061
22.09472982	0.634929275
22.20146765	0.635536489
22.30820547	0.636143702
22.4149433	0.636750916
22.52168112	0.63735813
22.62841895	0.637965343
22.73515677	0.638572557
22.8418946	0.639179771
22.94863242	0.639786984
23.05537025	0.640386505
23.16210807	0.640969413
23.2688459	0.641552322
23.37558372	0.642135231
23.48232155	0.642718139
23.58905937	0.643301048
23.6957972	0.643883957
23.80253502	0.644466865
23.90927285	0.645049774
24.01601067	0.645632683
24.1227485	0.646215591
24.22948632	0.646787133
24.33622415	0.64734869
24.44296197	0.647910246
24.5496998	0.648471803
24.65643763	0.64903336
24.76317545	0.649594917
24.86991328	0.650156473
24.9766511	0.65071803
25.08338893	0.651279587
25.19012675	0.651841144
25.29686458	0.6524027
25.4036024	0.65295051
25.51034023	0.653493692
25.61707805	0.654036875
25.72381588	0.654580058
25.8305537	0.65512324
25.93729153	0.655666423
26.04402935	0.656209606
26.15076718	0.656752788
26.257505	0.657295971
26.36424283	0.657839154
26.47098065	0.658382336
26.57771848	0.658910683
26.6844563	0.659438477
26.79119413	0.659966271
26.89793195	0.660494064
27.00466978	0.661021858
27.11140761	0.661549651
27.21814543	0.662077445
27.32488326	0.662605239
27.43162108	0.663133032
27.53835891	0.663660826
27.64509673	0.664186372
27.75183456	0.664701668
27.85857238	0.665216964
27.96531021	0.66573226
28.07204803	0.666247556
28.17878586	0.666762853
28.28552368	0.667278149
28.39226151	0.667793445
28.49899933	0.668308741
28.60573716	0.668824037
28.71247498	0.669339333
28.81921281	0.669850737
28.92595063	0.670356196
29.03268846	0.670861655
29.13942628	0.671367114
29.24616411	0.671872573
29.35290193	0.672378032
29.45963976	0.672883491
29.56637759	0.67338895
29.67311541	0.673894409
29.77985324	0.674399868
29.88659106	0.674905327
29.99332889	0.675406134
30.10006671	0.675903985
30.20680454	0.676401837
30.31354236	0.676899688
30.42028019	0.67739754
30.52701801	0.677895391
30.63375584	0.678393243
30.74049366	0.678891094
30.84723149	0.679388946
30.95396931	0.679886797
31.06070714	0.680384649
31.16744496	0.680877552
31.27418279	0.681369423
31.38092061	0.681861293
31.48765844	0.682353164
31.59439626	0.682845034
31.70113409	0.683336904
31.80787191	0.683828775
31.91460974	0.684320645
32.02134757	0.684812516
32.12808539	0.685304386
32.23482322	0.685796046
32.34156104	0.686283032
32.44829887	0.686770017
32.55503669	0.687257003
32.66177452	0.687743989
32.76851234	0.688230974
32.87525017	0.68871796
32.98198799	0.689204945
33.08872582	0.689691931
33.19546364	0.690178917
33.30220147	0.690665902
33.40893929	0.691151806
33.51567712	0.691634615
33.62241494	0.692117424
33.72915277	0.692600232
33.83589059	0.693083041
33.94262842	0.69356585
34.04936624	0.694048659
34.15610407	0.694531468
34.26284189	0.695014276
34.36957972	0.695497085
34.47631755	0.695979894
34.58305537	0.696460895
34.6897932	0.696939898
34.79653102	0.6974189
34.90326885	0.697897902
35.01000667	0.698376905
35.1167445	0.698855907
35.22348232	0.69933491
35.33022015	0.699813912
35.43695797	0.700292914
35.5436958	0.700771917
35.65043362	0.701250919
35.75717145	0.701727353
35.86390927	0.702202636
35.9706471	0.702677919
36.07738492	0.703153202
36.18412275	0.703628485
36.29086057	0.704103768
36.3975984	0.704579051
36.50433622	0.705054334
36.61107405	0.705529617
36.71781187	0.706004901
36.8245497	0.706480184
36.93128753	0.706951982
37.03802535	0.707423421
37.14476318	0.70789486
37.251501	0.708366299
37.35823883	0.708837738
37.46497665	0.709309176
37.57171448	0.709780615
37.6784523	0.710252054
37.78519013	0.710723493
37.89192795	0.711194932
37.99866578	0.711665866
38.1054036	0.712133179
38.21214143	0.712600491
38.31887925	0.713067804
38.42561708	0.713535116
38.5323549	0.714002429
38.63909273	0.714469741
38.74583055	0.714937054
38.85256838	0.715404367
38.9593062	0.715871679
39.06604403	0.716338992
39.17278185	0.716804769
39.27951968	0.717267541
39.38625751	0.717730314
39.49299533	0.718193086
39.59973316	0.718655859
39.70647098	0.719118631
39.81320881	0.719581404
39.91994663	0.720044176
40.02668446	0.720506949
40.13342228	0.720969721
40.24016011	0.721432494
40.34689793	0.721892461
40.45363576	0.722350168
40.56037358	0.722807876
40.66711141	0.723265584
40.77384923	0.723723292
40.88058706	0.724181
40.98732488	0.724638708
41.09406271	0.725096416
41.20080053	0.725554123
41.30753836	0.726011831
41.41427618	0.726469539
41.52101401	0.726922909
41.62775183	0.727374981
41.73448966	0.727827053
41.84122748	0.728279124
41.94796531	0.728731196
42.05470314	0.729183268
42.16144096	0.72963534
42.26817879	0.730087412
42.37491661	0.730539484
42.48165444	0.730991556
42.58839226	0.731443628
42.69513009	0.731889629
42.80186791	0.732335542
42.90860574	0.732781454
43.01534356	0.733227367
43.12208139	0.73367328
43.22881921	0.734119192
43.33555704	0.734565105
43.44229486	0.735011017
43.54903269	0.73545693
43.65577051	0.735902842
43.76250834	0.736347429
43.86924616	0.736786759
43.97598399	0.737226089
44.08272181	0.737665418
44.18945964	0.738104748
44.29619746	0.738544078
44.40293529	0.738983408
44.50967312	0.739422737
44.61641094	0.739862067
44.72314877	0.740301397
44.82988659	0.740740727
44.93662442	0.741177166
45.04336224	0.741609569
45.15010007	0.742041971
45.25683789	0.742474374
45.36357572	0.742906777
45.47031354	0.743339179
45.57705137	0.743771582
45.68378919	0.744203984
45.79052702	0.744636387
45.89726484	0.74506879
46.00400267	0.745501192
46.11074049	0.745929025
46.21747832	0.74635421
46.32421614	0.746779395
46.43095397	0.747204579
46.53769179	0.747629764
46.64442962	0.748054949
46.75116744	0.748480133
46.85790527	0.748905318
46.9646431	0.749330503
47.07138092	0.749755687
47.17811875	0.750180872
47.28485657	0.750599749
47.3915944	0.751017503
47.49833222	0.751435258
47.60507005	0.751853012
47.71180787	0.752270766
47.8185457	0.752688521
47.92528352	0.753106275
48.03202135	0.753524029
48.13875917	0.753941784
48.245497	0.754359538
48.35223482	0.754776803
48.45897265	0.755187006
48.56571047	0.755597209
48.6724483	0.756007412
48.77918612	0.756417615
48.88592395	0.756827818
48.99266177	0.757238021
49.0993996	0.757648224
49.20613742	0.758058427
49.31287525	0.758468629
49.41961308	0.758878832
49.5263509	0.75928691
49.63308873	0.759689539
49.73982655	0.760092167
49.84656438	0.760494795
49.9533022	0.760897424
50.06004003	0.761300052
50.16677785	0.761702681
50.27351568	0.762105309
50.3802535	0.762507937
50.48699133	0.762910566
50.59372915	0.763313194
50.70046698	0.763712134
50.8072048	0.764107331
50.91394263	0.764502528
51.02068045	0.764897725
51.12741828	0.765292923
51.2341561	0.76568812
51.34089393	0.766083317
51.44763175	0.766478514
51.55436958	0.766873711
51.6611074	0.767268909
51.76784523	0.767664106
51.87458306	0.768054276
51.98132088	0.768442416
52.08805871	0.768830555
52.19479653	0.769218694
52.30153436	0.769606833
52.40827218	0.769994973
52.51501001	0.770383112
52.62174783	0.770771251
52.72848566	0.771159391
52.83522348	0.77154753
52.94196131	0.771935669
53.04869913	0.772317799
53.15543696	0.772699463
53.26217478	0.773081127
53.36891261	0.773462791
53.47565043	0.773844456
53.58238826	0.77422612
53.68912608	0.774607784
53.79586391	0.774989448
53.90260173	0.775371112
54.00933956	0.775752776
54.11607738	0.77613361
54.22281521	0.776509501
54.32955304	0.776885392
54.43629086	0.777261283
54.54302869	0.777637174
54.64976651	0.778013066
54.75650434	0.778388957
54.86324216	0.778764848
54.96997999	0.779140739
55.07671781	0.77951663
55.18345564	0.779892522
55.29019346	0.780266594
55.39693129	0.780637428
55.50366911	0.781008262
55.61040694	0.781379097
55.71714476	0.781749931
55.82388259	0.782120765
55.93062041	0.782491599
56.03735824	0.782862433
56.14409606	0.783233268
56.25083389	0.783604102
56.35757171	0.783974936
56.46430954	0.784343228
56.57104736	0.784709645
56.67778519	0.785076061
56.78452302	0.785442478
56.89126084	0.785808895
56.99799867	0.786175311
57.10473649	0.786541728
57.21147432	0.786908145
57.31821214	0.787274562
57.42494997	0.787640978
57.53168779	0.788007395
57.63842562	0.788370689
57.74516344	0.78873316
57.85190127	0.789095632
57.95863909	0.789458103
58.06537692	0.789820574
58.17211474	0.790183045
58.27885257	0.790545516
58.38559039	0.790907987
58.49232822	0.791270458
58.59906604	0.79163293
58.70580387	0.791995374
58.81254169	0.792354139
58.91927952	0.792712903
59.02601734	0.793071668
59.13275517	0.793430433
59.239493	0.793789198
59.34623082	0.794147962
59.45296865	0.794506727
59.55970647	0.794865492
59.6664443	0.795224256
59.77318212	0.795583021
59.87991995	0.795940956
59.98665777	0.796296
60.0933956	0.796651045
60.20013342	0.797006089
60.30687125	0.797361134
60.41360907	0.797716178
60.5203469	0.798071223
60.62708472	0.798426267
60.73382255	0.798781311
60.84056037	0.799136356
60.9472982	0.7994914
61.05403602	0.799844706
61.16077385	0.800195789
61.26751167	0.800546872
61.3742495	0.800897954
61.48098732	0.801249037
61.58772515	0.80160012
61.69446298	0.801951203
61.8012008	0.802302286
61.90793863	0.802653369
62.01467645	0.803004451
62.12141428	0.803355534
62.2281521	0.803703776
62.33488993	0.80405052
62.44162775	0.804397263
62.54836558	0.804744007
62.6551034	0.80509075
62.76184123	0.805437494
62.86857905	0.805784237
62.97531688	0.806130981
63.0820547	0.806477724
63.18879253	0.806824468
63.29553035	0.807171211
63.40226818	0.807513758
63.509006	0.807855681
63.61574383	0.808197604
63.72248165	0.808539527
63.82921948	0.808881449
63.9359573	0.809223372
64.04269513	0.809565295
64.14943296	0.809907217
64.25617078	0.81024914
64.36290861	0.810591063
64.46964643	0.810932512
64.57638426	0.811268949
64.68312208	0.811605386
64.78985991	0.811941823
64.89659773	0.81227826
65.00333556	0.812614698
65.11007338	0.812951135
65.21681121	0.813287572
65.32354903	0.813624009
65.43028686	0.813960446
65.53702468	0.814296883
65.64376251	0.814631393
65.75050033	0.81496145
65.85723816	0.815291508
65.96397598	0.815621566
66.07071381	0.815951624
66.17745163	0.816281682
66.28418946	0.816611739
66.39092728	0.816941797
66.49766511	0.817271855
66.60440294	0.817601913
66.71114076	0.81793197
66.81787859	0.818258165
66.92461641	0.818580763
67.03135424	0.818903362
67.13809206	0.81922596
67.24482989	0.819548559
67.35156771	0.819871158
67.45830554	0.820193756
67.56504336	0.820516355
67.67178119	0.820838954
67.77851901	0.821161552
67.88525684	0.821484151
67.99199466	0.821800409
68.09873249	0.822114368
68.20547031	0.822428326
68.31220814	0.822742284
68.41894596	0.823056243
68.52568379	0.823370201
68.63242161	0.82368416
68.73915944	0.823998118
68.84589726	0.824312077
68.95263509	0.824626035
69.05937292	0.824939993
69.16611074	0.825244598
69.27284857	0.825548706
69.37958639	0.825852814
69.48632422	0.826156922
69.59306204	0.82646103
69.69979987	0.826765139
69.80653769	0.827069247
69.91327552	0.827373355
70.02001334	0.827677463
70.12675117	0.827981572
70.23348899	0.828283852
70.34022682	0.828576915
70.44696464	0.828869978
70.55370247	0.829163041
70.66044029	0.829456104
70.76717812	0.829749167
70.87391594	0.830042229
70.98065377	0.830335292
71.08739159	0.830628355
71.19412942	0.830921418
71.30086724	0.831214481
71.40760507	0.831502898
71.5143429	0.831783777
71.62108072	0.832064657
71.72781855	0.832345536
71.83455637	0.832626415
71.9412942	0.832907294
72.04803202	0.833188173
72.15476985	0.833469052
72.26150767	0.833749932
72.3682455	0.834030811
72.47498332	0.83431169
72.58172115	0.834584695
72.68845897	0.834852389
72.7951968	0.835120082
72.90193462	0.835387776
73.00867245	0.835655469
73.11541027	0.835923163
73.2221481	0.836190856
73.32888592	0.83645855
73.43562375	0.836726243
73.54236157	0.836993936
73.6490994	0.83726163
73.75583722	0.837517974
73.86257505	0.837771706
73.96931288	0.838025438
74.0760507	0.83827917
74.18278853	0.838532902
74.28952635	0.838786635
74.39626418	0.839040367
74.503002	0.839294099
74.60973983	0.839547831
74.71647765	0.839801564
74.82321548	0.840054879
74.9299533	0.840294143
75.03669113	0.840533407
75.14342895	0.840772671
75.25016678	0.841011934
75.3569046	0.841251198
75.46364243	0.841490462
75.57038025	0.841729726
75.67711808	0.841968989
75.7838559	0.842208253
75.89059373	0.842447517
75.99733155	0.842683187
76.10406938	0.84290776
76.2108072	0.843132332
76.31754503	0.843356905
76.42428286	0.843581477
76.53102068	0.84380605
76.63775851	0.844030622
76.74449633	0.844255195
76.85123416	0.844479767
76.95797198	0.84470434
77.06470981	0.844928912
77.17144763	0.845146754
77.27818546	0.845356708
77.38492328	0.845566663
77.49166111	0.845776617
77.59839893	0.845986571
77.70513676	0.846196526
77.81187458	0.84640648
77.91861241	0.846616435
78.02535023	0.846826389
78.13208806	0.847036343
78.23882588	0.847246298
78.34556371	0.84744661
78.45230153	0.847642307
78.55903936	0.847838004
78.66577718	0.848033701
78.77251501	0.848229397
78.87925284	0.848425094
78.98599066	0.848620791
79.09272849	0.848816488
79.19946631	0.849012185
79.30620414	0.849207881
79.41294196	0.849403578
79.51967979	0.849587093
79.62641761	0.849769133
79.73315544	0.849951174
79.83989326	0.850133214
79.94663109	0.850315255
80.05336891	0.850497295
80.16010674	0.850679336
80.26684456	0.850861377
80.37358239	0.851043417
80.48032021	0.851225458
80.58705804	0.85140611
80.69379586	0.851575282
80.80053369	0.851744454
80.90727151	0.851913626
81.01400934	0.852082798
81.12074716	0.85225197
81.22748499	0.852421142
81.33422282	0.852590314
81.44096064	0.852759486
81.54769847	0.852928658
81.65443629	0.85309783
81.76117412	0.853263142
81.86791194	0.853420389
81.97464977	0.853577636
82.08138759	0.853734883
82.18812542	0.85389213
82.29486324	0.854049377
82.40160107	0.854206624
82.50833889	0.854363871
82.61507672	0.854521118
82.72181454	0.854678365
82.82855237	0.854835612
82.93529019	0.854987007
83.04202802	0.855133408
83.14876584	0.855279809
83.25550367	0.855426209
83.36224149	0.85557261
83.46897932	0.855719011
83.57571714	0.855865411
83.68245497	0.856011812
83.7891928	0.856158213
83.89593062	0.856304614
84.00266845	0.856451014
84.10940627	0.856590085
84.2161441	0.856726782
84.32288192	0.856863479
84.42961975	0.857000177
84.53635757	0.857136874
84.6430954	0.857273571
84.74983322	0.857410268
84.85657105	0.857546965
84.96330887	0.857683663
85.0700467	0.85782036
85.17678452	0.857957057
85.28352235	0.858085401
85.39026017	0.858213497
85.496998	0.858341594
85.60373582	0.85846969
85.71047365	0.858597787
85.81721147	0.858725883
85.9239493	0.85885398
86.03068712	0.858982076
86.13742495	0.859110173
86.24416278	0.859238269
86.3509006	0.859364954
86.45763843	0.859485501
86.56437625	0.859606049
86.67111408	0.859726596
86.7778519	0.859847144
86.88458973	0.859967692
86.99132755	0.860088239
87.09806538	0.860208787
87.2048032	0.860329334
87.31154103	0.860449882
87.41827885	0.86057043
87.52501668	0.860688339
87.6317545	0.860802337
87.73849233	0.860916335
87.84523015	0.861030333
87.95196798	0.861144331
88.0587058	0.86125833
88.16544363	0.861372328
88.27218145	0.861486326
88.37891928	0.861600324
88.4856571	0.861714322
88.59239493	0.861828321
88.69913276	0.86193882
88.80587058	0.862047164
88.91260841	0.862155507
89.01934623	0.862263851
89.12608406	0.862372195
89.23282188	0.862480538
89.33955971	0.862588882
89.44629753	0.862697226
89.55303536	0.862805569
89.65977318	0.862913913
89.76651101	0.863022256
89.87324883	0.863126585
89.97998666	0.863230117
90.08672448	0.863333649
90.19346231	0.863437181
90.30020013	0.863540713
90.40693796	0.863644245
90.51367578	0.863747777
90.62041361	0.863851309
90.72715143	0.863954841
90.83388926	0.864058373
90.94062708	0.864161709
91.04736491	0.864261336
91.15410274	0.864360964
91.26084056	0.864460592
91.36757839	0.86456022
91.47431621	0.864659848
91.58105404	0.864759476
91.68779186	0.864859104
91.79452969	0.864958732
91.90126751	0.86505836
92.00800534	0.865157987
92.11474316	0.865256826
92.22148099	0.865353487
92.32821881	0.865450148
92.43495664	0.865546809
92.54169446	0.86564347
92.64843229	0.865740131
92.75517011	0.865836792
92.86190794	0.865933454
92.96864576	0.866030115
93.07538359	0.866126776
93.18212141	0.866223437
93.28885924	0.866319031
93.39559706	0.866413478
93.50233489	0.866507926
93.60907272	0.866602373
93.71581054	0.86669682
93.82254837	0.866791268
93.92928619	0.866885715
94.03602402	0.866980162
94.14276184	0.86707461
94.24949967	0.867169057
94.35623749	0.867263504
94.46297532	0.867356689
94.56971314	0.867449327
94.67645097	0.867541964
94.78318879	0.867634602
94.88992662	0.86772724
94.99666444	0.867819878
95.10340227	0.867912515
95.21014009	0.868005153
95.31687792	0.868097791
95.42361574	0.868190429
95.53035357	0.868283066
95.63709139	0.868374179
95.74382922	0.868465147
95.85056704	0.868556116
95.95730487	0.868647084
96.0640427	0.868738053
96.17078052	0.868829021
96.27751835	0.86891999
96.38425617	0.869010958
96.490994	0.869101927
96.59773182	0.869192895
96.70446965	0.869283657
96.81120747	0.869373034
96.9179453	0.869462411
97.02468312	0.869551788
97.13142095	0.869641165
97.23815877	0.869730542
97.3448966	0.869819919
97.45163442	0.869909295
97.55837225	0.869998672
97.66511007	0.870088049
97.7718479	0.870177426
97.87858572	0.870266279
97.98532355	0.870354138
98.09206137	0.870441998
98.1987992	0.870529857
98.30553702	0.870617717
98.41227485	0.870705576
98.51901268	0.870793436
98.6257505	0.870881295
98.73248833	0.870969155
98.83922615	0.871057014
98.94596398	0.871144874
99.0527018	0.871231874
99.15943963	0.871318203
99.26617745	0.871404531
99.37291528	0.87149086
99.4796531	0.871577189
99.58639093	0.871663517
99.69312875	0.871749846
99.79986658	0.871836175
99.9066044	0.871922503
100.0133422	0.872008832
100.1200801	0.872095161
100.2268179	0.872180168
100.3335557	0.872264796
100.4402935	0.872349424
100.5470314	0.872434052
100.6537692	0.872518681
100.760507	0.872603309
100.8672448	0.872687937
100.9739827	0.872772565
101.0807205	0.872857193
101.1874583	0.872941821
101.2941961	0.873026449
101.400934	0.873109041
101.5076718	0.873191619
101.6144096	0.873274196
101.7211474	0.873356773
101.8278853	0.873439351
101.9346231	0.873521928
102.0413609	0.873604506
102.1480987	0.873687083
102.2548366	0.87376966
102.3615744	0.873852238
102.4683122	0.873934274
102.57505	0.874014256
102.6817879	0.874094238
102.7885257	0.87417422
102.8952635	0.874254202
103.0020013	0.874334184
103.1087392	0.874414166
103.215477	0.874494148
103.3222148	0.87457413
103.4289526	0.874654112
103.5356905	0.874734094
103.6424283	0.874812682
103.7491661	0.874889381
103.8559039	0.874966079
103.9626418	0.875042778
104.0693796	0.875119477
104.1761174	0.875196175
104.2828552	0.875272874
104.3895931	0.875349572
104.4963309	0.875426271
104.6030687	0.875502969
104.7098065	0.875579668
104.8165444	0.875653826
104.9232822	0.875726558
105.03002	0.875799289
105.1367578	0.87587202
105.2434957	0.875944752
105.3502335	0.876017483
105.4569713	0.876090214
105.5637091	0.876162945
105.670447	0.876235677
105.7771848	0.876308408
105.8839226	0.876381139
105.9906604	0.876449985
106.0973983	0.876518178
106.2041361	0.876586371
106.3108739	0.876654565
106.4176117	0.876722758
106.5243496	0.876790951
106.6310874	0.876859144
106.7378252	0.876927337
106.844563	0.87699553
106.9513009	0.877063723
107.0580387	0.877131554
107.1647765	0.877194714
107.2715143	0.877257875
107.3782522	0.877321036
107.48499	0.877384197
107.5917278	0.877447358
107.6984656	0.877510518
107.8052035	0.877573679
107.9119413	0.87763684
108.0186791	0.877700001
108.1254169	0.877763162
108.2321548	0.877824726
108.3388926	0.877882339
108.4456304	0.877939952
108.5523682	0.877997566
108.6591061	0.878055179
108.7658439	0.878112792
108.8725817	0.878170405
108.9793195	0.878228019
109.0860574	0.878285632
109.1927952	0.878343245
109.299533	0.878400859
109.4062708	0.87845541
109.5130087	0.878506943
109.6197465	0.878558477
109.7264843	0.87861001
109.8332221	0.878661544
109.93996	0.878713077
110.0466978	0.878764611
110.1534356	0.878816144
110.2601734	0.878867677
110.3669113	0.878919211
110.4736491	0.878970744
110.5803869	0.879017612
110.6871247	0.879062659
110.7938626	0.879107706
110.9006004	0.879152754
111.0073382	0.879197801
111.1140761	0.879242849
111.2208139	0.879287896
111.3275517	0.879332944
111.4342895	0.879377991
111.5410274	0.879423039
111.6477652	0.879468086
111.754503	0.879506863
111.8612408	0.879545205
111.9679787	0.879583547
112.0747165	0.87962189
112.1814543	0.879660232
112.2881921	0.879698574
112.39493	0.879736917
112.5016678	0.879775259
112.6084056	0.879813601
112.7151434	0.879851944
112.8218813	0.87988926
112.9286191	0.879920815
113.0353569	0.87995237
113.1420947	0.879983924
113.2488326	0.880015479
113.3555704	0.880047033
113.4623082	0.880078588
113.569046	0.880110143
113.6757839	0.880141697
113.7825217	0.880173252
113.8892595	0.880204806
113.9959973	0.880233908
114.1027352	0.880258776
114.209473	0.880283645
114.3162108	0.880308514
114.4229486	0.880333382
114.5296865	0.880358251
114.6364243	0.880383119
114.7431621	0.880407988
114.8498999	0.880432857
114.9566378	0.880457725
115.0633756	0.880482594
115.1701134	0.880503765
115.2768512	0.880522288
115.3835891	0.880540812
115.4903269	0.880559335
115.5970647	0.880577858
115.7038025	0.880596382
115.8105404	0.880614905
115.9172782	0.880633428
116.024016	0.880651951
116.1307538	0.880670475
116.2374917	0.880688998
116.3442295	0.880702936
116.4509673	0.880715717
116.5577051	0.880728498
116.664443	0.880741279
116.7711808	0.88075406
116.8779186	0.880766841
116.9846564	0.880779622
117.0913943	0.880792404
117.1981321	0.880805185
117.3048699	0.880817966
117.4116077	0.880830678
117.5183456	0.880838711
117.6250834	0.880846744
117.7318212	0.880854777
117.838559	0.88086281
117.9452969	0.880870843
118.0520347	0.880878876
118.1587725	0.880886909
118.2655103	0.880894942
118.3722482	0.880902974
118.478986	0.880911007
118.5857238	0.880918288
118.6924616	0.880923055
118.7991995	0.880927822
118.9059373	0.880932588
119.0126751	0.880937355
119.1194129	0.880942122
119.2261508	0.880946888
119.3328886	0.880951655
119.4396264	0.880956422
119.5463642	0.880961188
119.6531021	0.880965955
119.7598399	0.880970105
119.8665777	0.880973488
119.9733155	0.880976871
120.0800534	0.880980254
120.1867912	0.880983637
120.293529	0.88098702
120.4002668	0.880990403
120.5070047	0.880993786
120.6137425	0.880997169
120.7204803	0.881000552
120.8272181	0.881003935
120.933956	0.881007725
121.0406938	0.881011723
121.1474316	0.881015721
121.2541694	0.881019719
121.3609073	0.881023717
121.4676451	0.881027715
121.5743829	0.881031713
121.6811207	0.88103571
121.7878586	0.881039708
121.8945964	0.881043706
122.0013342	0.881047704
122.108072	0.881053715
122.2148099	0.881060007
122.3215477	0.881066299
122.4282855	0.881072591
122.5350233	0.881078882
122.6417612	0.881085174
122.748499	0.881091466
122.8552368	0.881097757
122.9619746	0.881104049
123.0687125	0.881110341
123.1754503	0.881116929
123.2821881	0.881126391
123.388926	0.881135852
123.4956638	0.881145314
123.6024016	0.881154776
123.7091394	0.881164237
123.8158773	0.881173699
123.9226151	0.881183161
124.0293529	0.881192622
124.1360907	0.881202084
124.2428286	0.881211546
124.3495664	0.881221975
124.4563042	0.881234565
124.563042	0.881247154
124.6697799	0.881259744
124.7765177	0.881272334
124.8832555	0.881284923
124.9899933	0.881297513
125.0967312	0.881310103
125.203469	0.881322692
125.3102068	0.881335282
125.4169446	0.881347872
125.5236825	0.881361853
125.6304203	0.881377094
125.7371581	0.881392334
125.8438959	0.881407574
125.9506338	0.881422814
126.0573716	0.881438054
126.1641094	0.881453295
126.2708472	0.881468535
126.3775851	0.881483775
126.4843229	0.881499015
126.5910607	0.881514256
126.6977985	0.881531131
126.8045364	0.881548578
126.9112742	0.881566025
127.018012	0.881583472
127.1247498	0.881600919
127.2314877	0.881618366
127.3382255	0.881635813
127.4449633	0.88165326
127.5517011	0.881670706
127.658439	0.881688153
127.7651768	0.8817056
127.8719146	0.881724878
127.9786524	0.881744238
128.0853903	0.881763598
128.1921281	0.881782958
128.2988659	0.881802318
128.4056037	0.881821678
128.5123416	0.881841038
128.6190794	0.881860398
128.7258172	0.881879758
128.832555	0.881899118
128.9392929	0.881918773
129.0460307	0.881939842
129.1527685	0.88196091
129.2595063	0.881981979
129.3662442	0.882003047
129.472982	0.882024115
129.5797198	0.882045184
129.6864576	0.882066252
129.7931955	0.882087321
129.8999333	0.882108389
130.0066711	0.882129457
130.1134089	0.882151115
130.2201468	0.882173699
130.3268846	0.882196284
130.4336224	0.882218868
130.5403602	0.882241453
130.6470981	0.882264037
130.7538359	0.882286622
130.8605737	0.882309206
130.9673115	0.882331791
131.0740494	0.882354375
131.1807872	0.88237696
131.287525	0.882400386
131.3942628	0.882424363
131.5010007	0.88244834
131.6077385	0.882472318
131.7144763	0.882496295
131.8212141	0.882520272
131.927952	0.88254425
132.0346898	0.882568227
132.1414276	0.882592204
132.2481654	0.882616182
132.3549033	0.882640159
132.4616411	0.88266528
132.5683789	0.882690652
132.6751167	0.882716024
132.7818546	0.882741396
132.8885924	0.882766768
132.9953302	0.88279214
133.102068	0.882817512
133.2088059	0.882842884
133.3155437	0.882868256
133.4222815	0.882893628
133.5290193	0.882919053
133.6357572	0.882945908
133.742495	0.882972763
133.8492328	0.882999618
133.9559706	0.883026473
134.0627085	0.883053327
134.1694463	0.883080182
134.2761841	0.883107037
134.3829219	0.883133892
134.4896598	0.883160747
134.5963976	0.883187602
134.7031354	0.883214881
134.8098732	0.88324342
134.9166111	0.88327196
135.0233489	0.8833005
135.1300867	0.883329039
135.2368245	0.883357579
135.3435624	0.883386119
135.4503002	0.883414658
135.557038	0.883443198
135.6637759	0.883471738
135.7705137	0.883500277
135.8772515	0.88352977
135.9839893	0.883560349
136.0907272	0.883590928
136.197465	0.883621506
136.3042028	0.883652085
136.4109406	0.883682663
136.5176785	0.883713242
136.6244163	0.88374382
136.7311541	0.883774399
136.8378919	0.883804977
136.9446298	0.883835556
137.0513676	0.883867853
137.1581054	0.883900946
137.2648432	0.883934039
137.3715811	0.883967131
137.4783189	0.884000224
137.5850567	0.884033317
137.6917945	0.88406641
137.7985324	0.884099503
137.9052702	0.884132596
138.012008	0.884165689
138.1187458	0.884198782
138.2254837	0.884234596
138.3322215	0.884270715
138.4389593	0.884306834
138.5456971	0.884342953
138.652435	0.884379073
138.7591728	0.884415192
138.8659106	0.884451311
138.9726484	0.88448743
139.0793863	0.884523549
139.1861241	0.884559668
139.2928619	0.884596165
139.3995997	0.884635566
139.5063376	0.884674967
139.6130754	0.884714367
139.7198132	0.884753768
139.826551	0.884793169
139.9332889	0.88483257
140.0400267	0.88487197
140.1467645	0.884911371
140.2535023	0.884950772
140.3602402	0.884990173
140.466978	0.885030572
140.5737158	0.88507299
140.6804536	0.885115408
140.7871915	0.885157827
140.8939293	0.885200245
141.0006671	0.885242663
141.1074049	0.885285082
141.2141428	0.8853275
141.3208806	0.885369918
141.4276184	0.885412337
141.5343562	0.885454755
141.6410941	0.885498461
141.7478319	0.885543236
141.8545697	0.88558801
141.9613075	0.885632785
142.0680454	0.885677559
142.1747832	0.885722334
142.281521	0.885767108
142.3882588	0.885811882
142.4949967	0.885856657
142.6017345	0.885901431
142.7084723	0.885946206
142.8152101	0.885992184
142.921948	0.886038537
143.0286858	0.88608489
143.1354236	0.886131243
143.2421614	0.886177596
143.3488993	0.886223949
143.4556371	0.886270303
143.5623749	0.886316656
143.6691127	0.886363009
143.7758506	0.886409362
143.8825884	0.886455715
143.9893262	0.886502899
144.096064	0.886550102
144.2028019	0.886597304
144.3095397	0.886644507
144.4162775	0.886691709
144.5230153	0.886738911
144.6297532	0.886786114
144.736491	0.886833316
144.8432288	0.886880519
144.9499666	0.886927721
145.0567045	0.886974956
145.1634423	0.887022323
145.2701801	0.887069691
145.3769179	0.887117058
145.4836558	0.887164426
145.5903936	0.887211793
145.6971314	0.887259161
145.8038692	0.887306529
145.9106071	0.887353896
146.0173449	0.887401264
146.1240827	0.887448631
146.2308205	0.887495811
146.3375584	0.887542721
146.4442962	0.88758963
146.551034	0.88763654
146.6577718	0.88768345
146.7645097	0.88773036
146.8712475	0.88777727
146.9779853	0.887824179
147.0847231	0.887871089
147.191461	0.887917999
147.2981988	0.887964909
147.4049366	0.888011296
147.5116744	0.88805737
147.6184123	0.888103445
147.7251501	0.88814952
147.8318879	0.888195594
147.9386258	0.888241669
148.0453636	0.888287744
148.1521014	0.888333818
148.2588392	0.888379893
148.3655771	0.888425968
148.4723149	0.888472042
148.5790527	0.888517373
148.6857905	0.888562564
148.7925284	0.888607755
148.8992662	0.888652946
149.006004	0.888698137
149.1127418	0.888743328
149.2194797	0.888788519
149.3262175	0.88883371
149.4329553	0.888878901
149.5396931	0.888924092
149.646431	0.888969238
149.7531688	0.88901365
149.8599066	0.889058063
149.9666444	0.889102476
150.0733823	0.889146888
150.1801201	0.889191301
150.2868579	0.889235714
150.3935957	0.889280126
400	0.92054