0.0000 	0.520000000000000000000000000000 
0.5000 	0.520000000000000000000000000000 
1.0000 	0.520000000000000000000000000000 
1.5000 	0.520000000000000000000000000000 
2.0000 	0.520000000000000000000000000000 
2.5000 	0.520000000000000000000000000000 
3.0000 	0.520000000000000000000000000000 
3.5000 	0.520000000000000000000000000000 
4.0000 	0.520000000000000000000000000000 
4.5000 	0.520000000000000000000000000000 
5.0000 	0.520000000000000000000000000000 
5.5000 	0.520000000000000000000000000000 
6.0000 	0.520000000000000000000000000000 
6.5000 	0.520000000000000000000000000000 
7.0000 	0.520000000000000000000000000000 
7.5000 	0.520000000000000000000000000000 
8.0000 	0.520000000000000000000000000000 
8.5000 	0.520000000000000000000000000000 
9.0000 	0.520000000000000000000000000000 
9.5000 	0.520000000000000000000000000000 
10.0000 	0.520000000000000000000000000000 
10.5000 	0.520000000000000000000000000000 
11.0000 	0.520000000000000000000000000000 
11.5000 	0.520000000000000000000000000000 
12.0000 	0.520000000000000000000000000000 
12.5000 	0.520000000000000000000000000000 
13.0000 	0.520000000000000000000000000000 
13.5000 	0.520000000000000000000000000000 
14.0000 	0.520000000000000000000000000000 
14.5000 	0.520000000000000000000000000000 
15.0000 	0.520000000000000000000000000000 
15.5000 	0.520000000000000000000000000000 
16.0000 	0.520000000000000000000000000000 
16.5000 	0.520000000000000000000000000000 
17.0000 	0.520000000000000000000000000000 
17.5000 	0.520000000000000000000000000000 
18.0000 	0.520000000000000000000000000000 
18.5000 	0.520000000000000000000000000000 
19.0000 	0.520000000000000000000000000000 
19.5000 	0.520000000000000000000000000000 
20.0000 	0.520000000000000000000000000000 
20.5000 	0.520000000000000000000000000000 
21.0000 	0.520000000000000000000000000000 
21.5000 	0.520000000000000000000000000000 
22.0000 	0.520000000000000000000000000000 
22.5000 	0.520000000000000000000000000000 
23.0000 	0.520000000000000000000000000000 
23.5000 	0.520000000000000000000000000000 
24.0000 	0.520000000000000000000000000000 
24.5000 	0.520000000000000000000000000000 
25.0000 	0.520000000000000000000000000000 
25.5000 	0.520000000000000000000000000000 
26.0000 	0.520000000000000000000000000000 
26.5000 	0.520000000000000000000000000000 
27.0000 	0.520000000000000000000000000000 
27.5000 	0.520000000000000000000000000000 
28.0000 	0.520000000000000000000000000000 
28.5000 	0.519998957993149000000000000000 
29.0000 	0.519992811723560000000000000000 
29.5000 	0.519974412171443000000000000000 
30.0000 	0.519933465266433000000000000000 
30.5000 	0.519856454612078000000000000000 
31.0000 	0.519726584704705000000000000000 
31.5000 	0.519523723418416000000000000000 
32.0000 	0.519224370408798000000000000000 
32.5000 	0.518801610514462000000000000000 
33.0000 	0.518225085160882000000000000000 
33.5000 	0.517460972541774000000000000000 
34.0000 	0.516471974037094000000000000000 
34.5000 	0.515217316596146000000000000000 
35.0000 	0.513654842101393000000000000000 
35.5000 	0.511744954080895000000000000000 
36.0000 	0.509451811544401000000000000000 
36.5000 	0.506745431429360000000000000000 
37.0000 	0.503601926149850000000000000000 
37.5000 	0.500003691357248000000000000000 
38.0000 	0.495939625413513000000000000000 
38.5000 	0.491405256187059000000000000000 
39.0000 	0.486402924290383000000000000000 
39.5000 	0.480941906596250000000000000000 
40.0000 	0.475038532182220000000000000000 
40.5000 	0.468716272768344000000000000000 
41.0000 	0.462005809713338000000000000000 
41.5000 	0.454944018594595000000000000000 
42.0000 	0.447572047795723000000000000000 
42.5000 	0.439933167399094000000000000000 
43.0000 	0.432068772211204000000000000000 
43.5000 	0.424018143272480000000000000000 
44.0000 	0.415818261064965000000000000000 
44.5000 	0.407503562834616000000000000000 
45.0000 	0.399105767372325000000000000000 
45.5000 	0.390653636437247000000000000000 
46.0000 	0.382172833975949000000000000000 
46.5000 	0.373685704997618000000000000000 
47.0000 	0.365211113282108000000000000000 
47.5000 	0.356764274723698000000000000000 
48.0000 	0.348356632204184000000000000000 
48.5000 	0.339995724891034000000000000000 
49.0000 	0.331686134549860000000000000000 
49.5000 	0.323431346622598000000000000000 
50.0000 	0.315233768257493000000000000000 
50.5000 	0.307094741895885000000000000000 
51.0000 	0.299014564128313000000000000000 
51.5000 	0.290992557824645000000000000000 
52.0000 	0.283027150040195000000000000000 
52.5000 	0.275115925734638000000000000000 
53.0000 	0.267255808620622000000000000000 
53.5000 	0.259443170348893000000000000000 
54.0000 	0.251674013344163000000000000000 
54.5000 	0.243944154180344000000000000000 
55.0000 	0.236249417615305000000000000000 
55.5000 	0.228585835203735000000000000000 
56.0000 	0.220949861272643000000000000000 
56.5000 	0.213338577901811000000000000000 
57.0000 	0.205749862096308000000000000000 
57.5000 	0.198182566808040000000000000000 
58.0000 	0.190636630618929000000000000000 
58.5000 	0.183113219137248000000000000000 
59.0000 	0.175614758199420000000000000000 
59.5000 	0.168144930330295000000000000000 
60.0000 	0.160708675048141000000000000000 
60.5000 	0.153312066798010000000000000000 
61.0000 	0.145962210945777000000000000000 
61.5000 	0.138667059173071000000000000000 
62.0000 	0.131435187100305000000000000000 
62.5000 	0.124275555571749000000000000000 
63.0000 	0.117197247320866000000000000000 
63.5000 	0.110209907670658000000000000000 
64.0000 	0.103324619948566000000000000000 
64.5000 	0.096553644108644000000000000000 
65.0000 	0.089910149946519700000000000000 
65.5000 	0.083408029724877700000000000000 
66.0000 	0.077061719517417500000000000000 
66.5000 	0.070886078423051600000000000000 
67.0000 	0.064896337790279000000000000000 
67.5000 	0.059108041119017700000000000000 
68.0000 	0.053537082491296600000000000000 
68.5000 	0.048199779028062600000000000000 
69.0000 	0.042516933744349700000000000000 
69.5000 	0.036959927432435900000000000000 
70.0000 	0.031726717066187700000000000000 
70.5000 	0.026894872189874700000000000000 
71.0000 	0.022488676082200200000000000000 
71.5000 	0.018508367867185700000000000000 
72.0000 	0.014942932460107000000000000000 
72.5000 	0.011775721813037300000000000000 
73.0000 	0.008986939720276790000000000000 
73.5000 	0.006554766954175150000000000000 
74.0000 	0.004455886232759820000000000000 
74.5000 	0.002665714028435750000000000000 
75.0000 	0.001158514541150360000000000000 
75.5000 	0.000503488344113348000000000000 
76.0000 	0.000218815132355856000000000000 
76.5000 	0.000095096664516094300000000000 
77.0000 	0.000041328840033693200000000000 
77.5000 	0.000017961439838318700000000000 
78.0000 	0.000007806009575940970000000000 
78.5000 	0.000003392477777293040000000000 
79.0000 	0.000001474364764411630000000000 
79.5000 	0.000000640756285299255000000000 
80.0000 	0.000000278471533680706000000000 
80.5000 	0.000000121023229657853000000000 
81.0000 	0.000000052596478797043800000000 
81.5000 	0.000000022858335458975700000000 
82.0000 	0.000000009934191639924690000000 
82.5000 	0.000000004317381889677260000000 
83.0000 	0.000000001876326434694640000000 
83.5000 	0.000000000815448107092765000000 
84.0000 	0.000000000354392286473003000000 
84.5000 	0.000000000154018252809894000000 
85.0000 	0.000000000066936056748570500000 
85.5000 	0.000000000029090290347456800000 
86.0000 	0.000000000012642588069955500000 
86.5000 	0.000000000005494446126095620000 
87.0000 	0.000000000002387876443139810000 
87.5000 	0.000000000001037766824324810000 
88.0000 	0.000000000000451011602699645000 
88.5000 	0.000000000000196008834549171000 
89.0000 	0.000000000000085185088346630400 
89.5000 	0.000000000000037021286786962700 
90.0000 	0.000000000000016089384914240700 
90.5000 	0.000000000000006992417859709850 
91.0000 	0.000000000000003038892274962800 
91.5000 	0.000000000000001320697138544830 
92.0000 	0.000000000000000573972610392008 
92.5000 	0.000000000000000249447468208498 
93.0000 	0.000000000000000108409422800039 
93.5000 	0.000000000000000047114540934184 
94.0000 	0.000000000000000020475895084630 
94.5000 	0.000000000000000008898787321359 
95.0000 	0.000000000000000003867397027748 
95.5000 	0.000000000000000001680763819845 
96.0000 	0.000000000000000000730456945028 
96.5000 	0.000000000000000000317455279701 
97.0000 	0.000000000000000000137965495839 
97.5000 	0.000000000000000000059959557327 
98.0000 	0.000000000000000000026058316197 
98.5000 	0.000000000000000000011324897536 
99.0000 	0.000000000000000000004921780181 
99.5000 	0.000000000000000000002138996849 
100.0000 	0.000000000000000000000929604199 
100.5000 	0.000000000000000000000404004319 
101.0000 	0.000000000000000000000175579553 
101.5000 	0.000000000000000000000076306559 
102.0000 	0.000000000000000000000033162694 
102.5000 	0.000000000000000000000014412447 
103.0000 	0.000000000000000000000006263624 
103.5000 	0.000000000000000000000002722160 
104.0000 	0.000000000000000000000001183046 
104.5000 	0.000000000000000000000000514150 
105.0000 	0.000000000000000000000000223448 
105.5000 	0.000000000000000000000000097110 
106.0000 	0.000000000000000000000000042204 
106.5000 	0.000000000000000000000000018342 
107.0000 	0.000000000000000000000000007971 
107.5000 	0.000000000000000000000000003464 
108.0000 	0.000000000000000000000000001506 
108.5000 	0.000000000000000000000000000654 
109.0000 	0.000000000000000000000000000284 
109.5000 	0.000000000000000000000000000124 
110.0000 	0.000000000000000000000000000054 
110.5000 	0.000000000000000000000000000012 
111.0000 	0.000000000000000000000000000003 
111.5000 	0.000000000000000000000000000001 
112.0000 	0.000000000000000000000000000000 
112.5000 	0.000000000000000000000000000000 
113.0000 	0.000000000000000000000000000000 
400.0000 	0.000000000000000000000000000000 