0.0000 	0.399750000000000000000000000000 
0.1000 	0.400705130000000000000000000000 
0.2000 	0.401660260000000000000000000000 
0.3000 	0.402615390000000000000000000000 
0.4000 	0.403570520000000000000000000000 
0.5000 	0.404525649999999000000000000000 
0.6000 	0.405480780000000000000000000000 
0.7000 	0.406435909999999000000000000000 
0.8000 	0.407391040000000000000000000000 
0.9000 	0.408346169999999000000000000000 
1.0000 	0.409301300000000000000000000000 
1.1000 	0.410256430000000000000000000000 
1.2000 	0.411211560000000000000000000000 
1.3000 	0.412166690000000000000000000000 
1.4000 	0.413121820000000000000000000000 
1.5000 	0.414076950000000000000000000000 
1.6000 	0.415032080000000000000000000000 
1.7000 	0.415987210000000000000000000000 
1.8000 	0.416942340000000000000000000000 
1.9000 	0.417897470000000000000000000000 
2.0000 	0.418852600000000000000000000000 
2.1000 	0.419807730000000000000000000000 
2.2000 	0.420762860000000000000000000000 
2.3000 	0.421717990000000000000000000000 
2.4000 	0.422673119999999000000000000000 
2.5000 	0.423628250000000000000000000000 
2.6000 	0.424583379999999000000000000000 
2.7000 	0.425538510000000000000000000000 
2.8000 	0.426493640000000000000000000000 
2.9000 	0.427448770000000000000000000000 
3.0000 	0.428403900000000000000000000000 
3.1000 	0.429359030000000000000000000000 
3.2000 	0.430314160000000000000000000000 
3.3000 	0.431269290000000000000000000000 
3.4000 	0.432224420000000000000000000000 
3.5000 	0.433179550000000000000000000000 
3.6000 	0.434134680000000000000000000000 
3.7000 	0.435089810000000000000000000000 
3.8000 	0.436044940000000000000000000000 
3.9000 	0.437000070000000000000000000000 
4.0000 	0.437955200000000000000000000000 
4.1000 	0.438910330000000000000000000000 
4.2000 	0.439865460000000000000000000000 
4.3000 	0.440820589999999000000000000000 
4.4000 	0.441775720000000000000000000000 
4.5000 	0.442730849999999000000000000000 
4.6000 	0.443685980000000000000000000000 
4.7000 	0.444641110000000000000000000000 
4.8000 	0.445596240000000000000000000000 
4.9000 	0.446551370000000000000000000000 
5.0000 	0.447506500000000000000000000000 
5.1000 	0.448461630000000000000000000000 
5.2000 	0.449416760000000000000000000000 
5.3000 	0.450371890000000000000000000000 
5.4000 	0.451327020000000000000000000000 
5.5000 	0.452282150000000000000000000000 
5.6000 	0.453237280000000000000000000000 
5.7000 	0.454192410000000000000000000000 
5.8000 	0.455147540000000000000000000000 
5.9000 	0.456102670000000000000000000000 
6.0000 	0.457057799999999000000000000000 
6.1000 	0.458012930000000000000000000000 
6.2000 	0.458968059999999000000000000000 
6.3000 	0.459923190000000000000000000000 
6.4000 	0.460878320000000000000000000000 
6.5000 	0.461833450000000000000000000000 
6.6000 	0.462788580000000000000000000000 
6.7000 	0.463743710000000000000000000000 
6.8000 	0.464698840000000000000000000000 
6.9000 	0.465653970000000000000000000000 
7.0000 	0.466609100000000000000000000000 
7.1000 	0.467564230000000000000000000000 
7.2000 	0.468519360000000000000000000000 
7.3000 	0.469474490000000000000000000000 
7.4000 	0.470429620000000000000000000000 
7.5000 	0.471384750000000000000000000000 
7.6000 	0.472339880000000000000000000000 
7.7000 	0.473295010000000000000000000000 
7.8000 	0.474250140000000000000000000000 
7.9000 	0.475205269999999000000000000000 
8.0000 	0.476160400000000000000000000000 
8.1000 	0.477115529999999000000000000000 
8.2000 	0.478070660000000000000000000000 
8.3000 	0.479025790000000000000000000000 
8.4000 	0.479980920000000000000000000000 
8.5000 	0.480936050000000000000000000000 
8.6000 	0.481891180000000000000000000000 
8.7000 	0.482846310000000000000000000000 
8.8000 	0.483801440000000000000000000000 
8.9000 	0.484756570000000000000000000000 
9.0000 	0.485711700000000000000000000000 
9.1000 	0.486666830000000000000000000000 
9.2000 	0.487621960000000000000000000000 
9.3000 	0.488577090000000000000000000000 
9.4000 	0.489532220000000000000000000000 
9.5000 	0.490487350000000000000000000000 
9.6000 	0.491442480000000000000000000000 
9.7000 	0.492397610000000000000000000000 
9.8000 	0.493352739999999000000000000000 
9.9000 	0.494307870000000000000000000000 
10.0000 	0.495262999999999000000000000000 
10.1000 	0.496218130000000000000000000000 
10.2000 	0.497173260000000000000000000000 
10.3000 	0.498128390000000000000000000000 
10.4000 	0.499083520000000000000000000000 
10.5000 	0.500038649999999000000000000000 
10.6000 	0.500993780000000000000000000000 
10.7000 	0.501948910000000000000000000000 
10.8000 	0.502904040000000000000000000000 
10.9000 	0.503859170000000000000000000000 
11.0000 	0.504814300000000000000000000000 
11.1000 	0.505769430000000000000000000000 
11.2000 	0.506724560000000000000000000000 
11.3000 	0.507679690000000000000000000000 
11.4000 	0.508634820000000000000000000000 
11.5000 	0.509589950000000000000000000000 
11.6000 	0.510545080000000000000000000000 
11.7000 	0.511500210000000000000000000000 
11.8000 	0.512455339999999000000000000000 
11.9000 	0.513410470000000000000000000000 
12.0000 	0.514365600000000000000000000000 
12.1000 	0.515320730000000000000000000000 
12.2000 	0.516275859999999000000000000000 
12.3000 	0.517230990000000000000000000000 
12.4000 	0.518186120000000000000000000000 
12.5000 	0.519141250000000000000000000000 
12.6000 	0.520096379999999000000000000000 
12.7000 	0.521051510000000000000000000000 
12.8000 	0.522006640000000000000000000000 
12.9000 	0.522961770000000000000000000000 
13.0000 	0.523916899999999000000000000000 
13.1000 	0.524872030000000000000000000000 
13.2000 	0.525827160000000000000000000000 
13.3000 	0.526782290000000000000000000000 
13.4000 	0.527737420000000000000000000000 
13.5000 	0.528692549999999000000000000000 
13.6000 	0.529647680000000000000000000000 
13.7000 	0.530602810000000000000000000000 
13.8000 	0.531557940000000000000000000000 
13.9000 	0.532513069999999000000000000000 
14.0000 	0.533468200000000000000000000000 
14.1000 	0.534423330000000000000000000000 
14.2000 	0.535378460000000000000000000000 
14.3000 	0.536333589999999000000000000000 
14.4000 	0.537288720000000000000000000000 
14.5000 	0.538243850000000000000000000000 
14.6000 	0.539198980000000000000000000000 
14.7000 	0.540154109999999000000000000000 
14.8000 	0.541109240000000000000000000000 
14.9000 	0.542064370000000000000000000000 
15.0000 	0.543019500000000000000000000000 
15.1000 	0.543974630000000000000000000000 
15.2000 	0.544929760000000000000000000000 
15.3000 	0.545884890000000000000000000000 
15.4000 	0.546840020000000000000000000000 
15.5000 	0.547795149999999000000000000000 
15.6000 	0.548750279999999000000000000000 
15.7000 	0.549705410000000000000000000000 
15.8000 	0.550660540000000000000000000000 
15.9000 	0.551615670000000000000000000000 
16.0000 	0.552570799999999000000000000000 
16.1000 	0.553525930000000000000000000000 
16.2000 	0.554481060000000000000000000000 
16.3000 	0.555436190000000000000000000000 
16.4000 	0.556391319999999000000000000000 
16.5000 	0.557346450000000000000000000000 
16.6000 	0.558301580000000000000000000000 
16.7000 	0.559256710000000000000000000000 
16.8000 	0.560211839999999000000000000000 
16.9000 	0.561166970000000000000000000000 
17.0000 	0.562122100000000000000000000000 
17.1000 	0.563077230000000000000000000000 
17.2000 	0.564032359999999000000000000000 
17.3000 	0.564987489999999000000000000000 
17.4000 	0.565942620000000000000000000000 
17.5000 	0.566897750000000000000000000000 
17.6000 	0.567852880000000000000000000000 
17.7000 	0.568808009999999000000000000000 
17.8000 	0.569763140000000000000000000000 
17.9000 	0.570718270000000000000000000000 
18.0000 	0.571673400000000000000000000000 
18.1000 	0.571260701180000000000000000000 
18.2000 	0.572000275120000000000000000000 
18.3000 	0.572739033820000000000000000000 
18.4000 	0.573476977280000000000000000000 
18.5000 	0.574214105500000000000000000000 
18.6000 	0.574950418480000000000000000000 
18.7000 	0.575685916220000000000000000000 
18.8000 	0.576420598720000000000000000000 
18.9000 	0.577154465980000000000000000000 
19.0000 	0.577887518000000000000000000000 
19.1000 	0.578619754779999000000000000000 
19.2000 	0.579351176320000000000000000000 
19.3000 	0.580081782620000000000000000000 
19.4000 	0.580811573680000000000000000000 
19.5000 	0.581540549500000000000000000000 
19.6000 	0.582268710080000000000000000000 
19.7000 	0.582996055420000000000000000000 
19.8000 	0.583722585520000000000000000000 
19.9000 	0.584448300380000000000000000000 
20.0000 	0.585173200000000000000000000000 
20.1000 	0.585897284380000000000000000000 
20.2000 	0.586620553520000000000000000000 
20.3000 	0.587343007420000000000000000000 
20.4000 	0.588064646080000000000000000000 
20.5000 	0.588785469500000000000000000000 
20.6000 	0.589505477680000000000000000000 
20.7000 	0.590224670620000000000000000000 
20.8000 	0.590943048320000000000000000000 
20.9000 	0.591660610780000000000000000000 
21.0000 	0.592377358000000000000000000000 
21.1000 	0.593093289980000000000000000000 
21.2000 	0.593808406720000000000000000000 
21.3000 	0.594522708220000000000000000000 
21.4000 	0.595236194480000000000000000000 
21.5000 	0.595948865500000000000000000000 
21.6000 	0.596660721280000000000000000000 
21.7000 	0.597371761820000000000000000000 
21.8000 	0.598081987120000000000000000000 
21.9000 	0.598791397180000000000000000000 
22.0000 	0.599499992000000000000000000000 
22.1000 	0.600207771580000000000000000000 
22.2000 	0.600914735920000000000000000000 
22.3000 	0.601620885020000000000000000000 
22.4000 	0.602326218880000000000000000000 
22.5000 	0.603030737500000000000000000000 
22.6000 	0.603734440880000000000000000000 
22.7000 	0.604437329020000000000000000000 
22.8000 	0.605139401920000000000000000000 
22.9000 	0.605840659580000000000000000000 
23.0000 	0.606541102000000000000000000000 
23.1000 	0.607240729180000000000000000000 
23.2000 	0.607939541120000000000000000000 
23.3000 	0.608637537820000000000000000000 
23.4000 	0.609334719280000000000000000000 
23.5000 	0.610031085500000000000000000000 
23.6000 	0.610726636480000000000000000000 
23.7000 	0.611421372220000000000000000000 
23.8000 	0.612115292720000000000000000000 
23.9000 	0.612808397980000000000000000000 
24.0000 	0.613500688000000000000000000000 
24.1000 	0.614192162780000000000000000000 
24.2000 	0.614882822320000000000000000000 
24.3000 	0.615572666620000000000000000000 
24.4000 	0.616261695680000000000000000000 
24.5000 	0.616949909500000000000000000000 
24.6000 	0.617637308080000000000000000000 
24.7000 	0.618323891420000000000000000000 
24.8000 	0.619009659520000000000000000000 
24.9000 	0.619694612380000000000000000000 
25.0000 	0.620378750000000000000000000000 
25.1000 	0.621062072380000000000000000000 
25.2000 	0.621744579520000000000000000000 
25.3000 	0.622426271420000000000000000000 
25.4000 	0.623107148080000000000000000000 
25.5000 	0.623787209500000000000000000000 
25.6000 	0.624466455680000000000000000000 
25.7000 	0.625144886620000000000000000000 
25.8000 	0.625822502320000000000000000000 
25.9000 	0.626499302780000000000000000000 
26.0000 	0.627175288000000000000000000000 
26.1000 	0.627850457980000000000000000000 
26.2000 	0.628524812720000000000000000000 
26.3000 	0.629198352220000000000000000000 
26.4000 	0.629871076480000000000000000000 
26.5000 	0.630542985500000000000000000000 
26.6000 	0.631214079280000000000000000000 
26.7000 	0.631884357820000000000000000000 
26.8000 	0.632553821120000000000000000000 
26.9000 	0.633222469180000000000000000000 
27.0000 	0.633890302000000000000000000000 
27.1000 	0.634557319580000000000000000000 
27.2000 	0.635223521920000000000000000000 
27.3000 	0.635888909020000000000000000000 
27.4000 	0.636553480880000000000000000000 
27.5000 	0.637217237500000000000000000000 
27.6000 	0.637880178880000000000000000000 
27.7000 	0.638542305020000000000000000000 
27.8000 	0.639203615920000000000000000000 
27.9000 	0.639864111580000000000000000000 
28.0000 	0.640523792000000000000000000000 
28.1000 	0.641182657180000000000000000000 
28.2000 	0.641840707120000000000000000000 
28.3000 	0.642497941820000000000000000000 
28.4000 	0.643154361280000000000000000000 
28.5000 	0.643809965500000000000000000000 
28.6000 	0.644464754480000000000000000000 
28.7000 	0.645118728220000000000000000000 
28.8000 	0.645771886720000000000000000000 
28.9000 	0.646424229980000000000000000000 
29.0000 	0.647075758000000000000000000000 
29.1000 	0.647726470780000000000000000000 
29.2000 	0.648376368320000000000000000000 
29.3000 	0.649025450620000000000000000000 
29.4000 	0.649673717680000000000000000000 
29.5000 	0.650321169500000000000000000000 
29.6000 	0.650967806080000000000000000000 
29.7000 	0.651613627420000000000000000000 
29.8000 	0.652258633520000000000000000000 
29.9000 	0.652902824380000000000000000000 
30.0000 	0.653546200000000000000000000000 
30.1000 	0.654188760380000000000000000000 
30.2000 	0.654830505520000000000000000000 
30.3000 	0.655471435420000000000000000000 
30.4000 	0.656111550080000000000000000000 
30.5000 	0.656750849500000000000000000000 
30.6000 	0.657389333680000000000000000000 
30.7000 	0.658027002620000000000000000000 
30.8000 	0.658663856320000000000000000000 
30.9000 	0.659299894780000000000000000000 
31.0000 	0.659935118000000000000000000000 
31.1000 	0.660569525980000000000000000000 
31.2000 	0.661203118720000000000000000000 
31.3000 	0.661835896219999000000000000000 
31.4000 	0.662467858480000000000000000000 
31.5000 	0.663099005500000000000000000000 
31.6000 	0.663729337279999000000000000000 
31.7000 	0.664358853820000000000000000000 
31.8000 	0.664987555120000000000000000000 
31.9000 	0.665615441180000000000000000000 
32.0000 	0.666242512000000000000000000000 
32.1000 	0.666868767580000000000000000000 
32.2000 	0.667494207920000000000000000000 
32.3000 	0.668118833020000000000000000000 
32.4000 	0.668742642880000000000000000000 
32.5000 	0.669365637500000000000000000000 
32.6000 	0.669987816880000000000000000000 
32.7000 	0.670609181020000000000000000000 
32.8000 	0.671229729920000000000000000000 
32.9000 	0.671849463580000000000000000000 
33.0000 	0.672468382000000000000000000000 
33.1000 	0.673086485180000000000000000000 
33.2000 	0.673703773120000000000000000000 
33.3000 	0.674320245820000000000000000000 
33.4000 	0.674935903280000000000000000000 
33.5000 	0.675550745500000000000000000000 
33.6000 	0.676164772480000000000000000000 
33.7000 	0.676777984220000000000000000000 
33.8000 	0.677390380720000000000000000000 
33.9000 	0.678001961980000000000000000000 
34.0000 	0.678612728000000000000000000000 
34.1000 	0.679222678780000000000000000000 
34.2000 	0.679831814320000000000000000000 
34.3000 	0.680440134620000000000000000000 
34.4000 	0.681047639679999000000000000000 
34.5000 	0.681654329500000000000000000000 
34.6000 	0.682260204080000000000000000000 
34.7000 	0.682865263420000000000000000000 
34.8000 	0.683469507520000000000000000000 
34.9000 	0.684072936380000000000000000000 
35.0000 	0.684675550000000000000000000000 
35.1000 	0.685277348380000000000000000000 
35.2000 	0.685878331520000000000000000000 
35.3000 	0.686478499420000000000000000000 
35.4000 	0.687077852080000000000000000000 
35.5000 	0.687676389500000000000000000000 
35.6000 	0.688274111680000000000000000000 
35.7000 	0.688871018620000000000000000000 
35.8000 	0.689467110320000000000000000000 
35.9000 	0.690062386780000000000000000000 
36.0000 	0.690656848000000000000000000000 
36.1000 	0.691250493980000000000000000000 
36.2000 	0.691843324720000000000000000000 
36.3000 	0.692435340220000000000000000000 
36.4000 	0.693026540480000000000000000000 
36.5000 	0.693616925500000000000000000000 
36.6000 	0.694206495280000000000000000000 
36.7000 	0.694795249820000000000000000000 
36.8000 	0.695383189120000000000000000000 
36.9000 	0.695970313180000000000000000000 
37.0000 	0.696556622000000000000000000000 
37.1000 	0.697142115580000000000000000000 
37.2000 	0.697726793920000000000000000000 
37.3000 	0.698310657020000000000000000000 
37.4000 	0.698893704880000000000000000000 
37.5000 	0.699475937500000000000000000000 
37.6000 	0.700057354880000000000000000000 
37.7000 	0.700637957020000000000000000000 
37.8000 	0.701217743920000000000000000000 
37.9000 	0.701796715580000000000000000000 
38.0000 	0.702374872000000000000000000000 
38.1000 	0.702952213180000000000000000000 
38.2000 	0.703528739120000000000000000000 
38.3000 	0.704104449820000000000000000000 
38.4000 	0.704679345280000000000000000000 
38.5000 	0.705253425500000000000000000000 
38.6000 	0.705826690480000000000000000000 
38.7000 	0.706399140220000000000000000000 
38.8000 	0.706970774720000000000000000000 
38.9000 	0.707541593980000000000000000000 
39.0000 	0.708111598000000000000000000000 
39.1000 	0.708680786780000000000000000000 
39.2000 	0.709249160320000000000000000000 
39.3000 	0.709816718620000000000000000000 
39.4000 	0.710383461680000000000000000000 
39.5000 	0.710949389500000000000000000000 
39.6000 	0.711514502080000000000000000000 
39.7000 	0.712078799420000000000000000000 
39.8000 	0.712642281520000000000000000000 
39.9000 	0.713204948380000000000000000000 
40.0000 	0.713766800000000000000000000000 
40.1000 	0.714327836380000000000000000000 
40.2000 	0.714888057520000000000000000000 
40.3000 	0.715447463420000000000000000000 
40.4000 	0.716006054080000000000000000000 
40.5000 	0.716563829500000000000000000000 
40.6000 	0.717120789680000000000000000000 
40.7000 	0.717676934620000000000000000000 
40.8000 	0.718232264320000000000000000000 
40.9000 	0.718786778780000000000000000000 
41.0000 	0.719340478000000000000000000000 
41.1000 	0.719893361980000000000000000000 
41.2000 	0.720445430720000000000000000000 
41.3000 	0.720996684220000000000000000000 
41.4000 	0.721547122480000000000000000000 
41.5000 	0.722096745500000000000000000000 
41.6000 	0.722645553280000000000000000000 
41.7000 	0.723193545820000000000000000000 
41.8000 	0.723740723120000000000000000000 
41.9000 	0.724287085180000000000000000000 
42.0000 	0.724832632000000000000000000000 
42.1000 	0.725377363580000000000000000000 
42.2000 	0.725921279920000000000000000000 
42.3000 	0.726464381020000000000000000000 
42.4000 	0.727006666880000000000000000000 
42.5000 	0.727548137500000000000000000000 
42.6000 	0.728088792880000000000000000000 
42.7000 	0.728628633020000000000000000000 
42.8000 	0.729167657920000000000000000000 
42.9000 	0.729705867580000000000000000000 
43.0000 	0.730243262000000000000000000000 
43.1000 	0.730779841180000000000000000000 
43.2000 	0.731315605120000000000000000000 
43.3000 	0.731850553820000000000000000000 
43.4000 	0.732384687280000000000000000000 
43.5000 	0.732918005500000000000000000000 
43.6000 	0.733450508480000000000000000000 
43.7000 	0.733982196220000000000000000000 
43.8000 	0.734513068720000000000000000000 
43.9000 	0.735043125980000000000000000000 
44.0000 	0.735572368000000000000000000000 
44.1000 	0.736100794780000000000000000000 
44.2000 	0.736628406320000000000000000000 
44.3000 	0.737155202620000000000000000000 
44.4000 	0.737681183680000000000000000000 
44.5000 	0.738206349500000000000000000000 
44.6000 	0.738730700080000000000000000000 
44.7000 	0.739254235420000000000000000000 
44.8000 	0.739776955520000000000000000000 
44.9000 	0.740298860380000000000000000000 
45.0000 	0.740819950000000000000000000000 
45.1000 	0.741340224380000000000000000000 
45.2000 	0.741859683520000000000000000000 
45.3000 	0.742378327420000000000000000000 
45.4000 	0.742896156080000000000000000000 
45.5000 	0.743413169500000000000000000000 
45.6000 	0.743929367680000000000000000000 
45.7000 	0.744444750620000000000000000000 
45.8000 	0.744959318320000000000000000000 
45.9000 	0.745473070780000000000000000000 
46.0000 	0.745986008000000000000000000000 
46.1000 	0.746498129980000000000000000000 
46.2000 	0.747009436720000000000000000000 
46.3000 	0.747519928220000000000000000000 
46.4000 	0.748029604480000000000000000000 
46.5000 	0.748538465500000000000000000000 
46.6000 	0.749046511280000000000000000000 
46.7000 	0.749553741820000000000000000000 
46.8000 	0.750060157120000000000000000000 
46.9000 	0.750565757180000000000000000000 
47.0000 	0.751070542000000000000000000000 
47.1000 	0.751574511580000000000000000000 
47.2000 	0.752077665920000000000000000000 
47.3000 	0.752580005020000000000000000000 
47.4000 	0.753081528880000000000000000000 
47.5000 	0.753582237500000000000000000000 
47.6000 	0.754082130880000000000000000000 
47.7000 	0.754581209020000000000000000000 
47.8000 	0.755079471920000000000000000000 
47.9000 	0.755576919580000000000000000000 
48.0000 	0.756073552000000000000000000000 
48.1000 	0.756569369180000000000000000000 
48.2000 	0.757064371120000000000000000000 
48.3000 	0.757558557820000000000000000000 
48.4000 	0.758051929280000000000000000000 
48.5000 	0.758544485500000000000000000000 
48.6000 	0.759036226480000000000000000000 
48.7000 	0.759527152220000000000000000000 
48.8000 	0.760017262720000000000000000000 
48.9000 	0.760506557980000000000000000000 
49.0000 	0.760995038000000000000000000000 
49.1000 	0.761482702780000000000000000000 
49.2000 	0.761969552320000000000000000000 
49.3000 	0.762455586620000000000000000000 
49.4000 	0.762940805680000000000000000000 
49.5000 	0.763425209500000000000000000000 
49.6000 	0.763908798080000000000000000000 
49.7000 	0.764391571420000000000000000000 
49.8000 	0.764873529520000000000000000000 
49.9000 	0.765354672380000000000000000000 
50.0000 	0.765835000000000000000000000000 
50.1000 	0.766314512380000000000000000000 
50.2000 	0.766793209520000000000000000000 
50.3000 	0.767271091420000000000000000000 
50.4000 	0.767748158080000000000000000000 
50.5000 	0.768224409500000000000000000000 
50.6000 	0.768699845680000000000000000000 
50.7000 	0.769174466620000000000000000000 
50.8000 	0.769648272320000000000000000000 
50.9000 	0.770121262780000000000000000000 
51.0000 	0.770593438000000000000000000000 
51.1000 	0.771064797980000000000000000000 
51.2000 	0.771535342720000000000000000000 
51.3000 	0.772005072220000000000000000000 
51.4000 	0.772473986480000000000000000000 
51.5000 	0.772942085500000000000000000000 
51.6000 	0.773409369280000000000000000000 
51.7000 	0.773875837820000000000000000000 
51.8000 	0.774341491120000000000000000000 
51.9000 	0.774806329180000000000000000000 
52.0000 	0.775270352000000000000000000000 
52.1000 	0.775733559580000000000000000000 
52.2000 	0.776195951920000000000000000000 
52.3000 	0.776657529020000000000000000000 
52.4000 	0.777118290880000000000000000000 
52.5000 	0.777578237500000000000000000000 
52.6000 	0.778037368880000000000000000000 
52.7000 	0.778495685020000000000000000000 
52.8000 	0.778953185920000000000000000000 
52.9000 	0.779409871580000000000000000000 
53.0000 	0.779865742000000000000000000000 
53.1000 	0.780320797180000000000000000000 
53.2000 	0.780775037120000000000000000000 
53.3000 	0.781228461820000000000000000000 
53.4000 	0.781681071280000000000000000000 
53.5000 	0.782132865500000000000000000000 
53.6000 	0.782583844480000000000000000000 
53.7000 	0.783034008220000000000000000000 
53.8000 	0.783483356720000000000000000000 
53.9000 	0.783931889980000000000000000000 
54.0000 	0.784379608000000000000000000000 
54.1000 	0.784826510780000000000000000000 
54.2000 	0.785272598320000000000000000000 
54.3000 	0.785717870620000000000000000000 
54.4000 	0.786162327680000000000000000000 
54.5000 	0.786605969500000000000000000000 
54.6000 	0.787048796080000000000000000000 
54.7000 	0.787490807420000000000000000000 
54.8000 	0.787932003520000000000000000000 
54.9000 	0.788372384380000000000000000000 
55.0000 	0.788811950000000000000000000000 
55.1000 	0.789250700380000000000000000000 
55.2000 	0.789688635520000000000000000000 
55.3000 	0.790125755420000000000000000000 
55.4000 	0.790562060080000000000000000000 
55.5000 	0.790997549500000000000000000000 
55.6000 	0.791432223680000000000000000000 
55.7000 	0.791866082620000000000000000000 
55.8000 	0.792299126320000000000000000000 
55.9000 	0.792731354780000000000000000000 
56.0000 	0.793162768000000000000000000000 
56.1000 	0.793593365980000000000000000000 
56.2000 	0.794023148720000000000000000000 
56.3000 	0.794452116220000000000000000000 
56.4000 	0.794880268480000000000000000000 
56.5000 	0.795307605500000000000000000000 
56.6000 	0.795734127280000000000000000000 
56.7000 	0.796159833820000000000000000000 
56.8000 	0.796584725120000000000000000000 
56.9000 	0.797008801180000000000000000000 
57.0000 	0.797432062000000000000000000000 
57.1000 	0.797854507580000000000000000000 
57.2000 	0.798276137920000000000000000000 
57.3000 	0.798696953020000000000000000000 
57.4000 	0.799116952880000000000000000000 
57.5000 	0.799536137500000000000000000000 
57.6000 	0.799954506880000000000000000000 
57.7000 	0.800372061020000000000000000000 
57.8000 	0.800788799920000000000000000000 
57.9000 	0.801204723580000000000000000000 
58.0000 	0.801619832000000000000000000000 
58.1000 	0.802034125180000000000000000000 
58.2000 	0.802447603120000000000000000000 
58.3000 	0.802860265820000000000000000000 
58.4000 	0.803272113280000000000000000000 
58.5000 	0.803683145500000000000000000000 
58.6000 	0.804093362480000000000000000000 
58.7000 	0.804502764220000000000000000000 
58.8000 	0.804911350720000000000000000000 
58.9000 	0.805319121980000000000000000000 
59.0000 	0.805726078000000000000000000000 
59.1000 	0.806132218780000000000000000000 
59.2000 	0.806537544320000000000000000000 
59.3000 	0.806942054620000000000000000000 
59.4000 	0.807345749680000000000000000000 
59.5000 	0.807748629500000000000000000000 
59.6000 	0.808150694080000000000000000000 
59.7000 	0.808551943420000000000000000000 
59.8000 	0.808952377520000000000000000000 
59.9000 	0.809351996380000000000000000000 
60.0000 	0.809750800000000000000000000000 
60.1000 	0.810148788380000000000000000000 
60.2000 	0.810545961520000000000000000000 
60.3000 	0.810942319420000000000000000000 
60.4000 	0.811337862080000000000000000000 
60.5000 	0.811732589500000000000000000000 
60.6000 	0.812126501680000000000000000000 
60.7000 	0.812519598620000000000000000000 
60.8000 	0.812911880320000000000000000000 
60.9000 	0.813303346780000000000000000000 
61.0000 	0.813693998000000000000000000000 
61.1000 	0.814083833980000000000000000000 
61.2000 	0.814472854720000000000000000000 
61.3000 	0.814861060220000000000000000000 
61.4000 	0.815248450480000000000000000000 
61.5000 	0.815635025500000000000000000000 
61.6000 	0.816020785280000000000000000000 
61.7000 	0.816405729820000000000000000000 
61.8000 	0.816789859120000000000000000000 
61.9000 	0.817173173180000000000000000000 
62.0000 	0.817555672000000000000000000000 
62.1000 	0.817937355580000000000000000000 
62.2000 	0.818318223920000000000000000000 
62.3000 	0.818698277020000000000000000000 
62.4000 	0.819077514880000000000000000000 
62.5000 	0.819455937500000000000000000000 
62.6000 	0.819833544880000000000000000000 
62.7000 	0.820210337020000000000000000000 
62.8000 	0.820586313920000000000000000000 
62.9000 	0.820961475580000000000000000000 
63.0000 	0.821335822000000000000000000000 
63.1000 	0.821709353180000000000000000000 
63.2000 	0.822082069120000000000000000000 
63.3000 	0.822453969820000000000000000000 
63.4000 	0.822825055280000000000000000000 
63.5000 	0.823195325500000000000000000000 
63.6000 	0.823564780480000000000000000000 
63.7000 	0.823933420220000000000000000000 
63.8000 	0.824301244720000000000000000000 
63.9000 	0.824668253980000000000000000000 
64.0000 	0.825034448000000000000000000000 
64.1000 	0.825399826780000000000000000000 
64.2000 	0.825764390320000000000000000000 
64.3000 	0.826128138620000000000000000000 
64.4000 	0.826491071680000000000000000000 
64.5000 	0.826853189500000000000000000000 
64.6000 	0.827214492080000000000000000000 
64.7000 	0.827574979420000000000000000000 
64.8000 	0.827934651520000000000000000000 
64.9000 	0.828293508380000000000000000000 
65.0000 	0.828651550000000000000000000000 
65.1000 	0.829008776380000000000000000000 
65.2000 	0.829365187520000000000000000000 
65.3000 	0.829720783420000000000000000000 
65.4000 	0.830075564080000000000000000000 
65.5000 	0.830429529500000000000000000000 
65.6000 	0.830782679680000000000000000000 
65.7000 	0.831135014620000000000000000000 
65.8000 	0.831486534320000000000000000000 
65.9000 	0.831837238780000000000000000000 
66.0000 	0.832187128000000000000000000000 
66.1000 	0.832536201980000000000000000000 
66.2000 	0.832884460720000000000000000000 
66.3000 	0.833231904220000000000000000000 
66.4000 	0.833578532480000000000000000000 
66.5000 	0.833924345500000000000000000000 
66.6000 	0.834269343280000000000000000000 
66.7000 	0.834613525820000000000000000000 
66.8000 	0.834956893120000000000000000000 
66.9000 	0.835299445180000000000000000000 
67.0000 	0.835641182000000000000000000000 
67.1000 	0.835982103580000000000000000000 
67.2000 	0.836322209920000000000000000000 
67.3000 	0.836661501020000000000000000000 
67.4000 	0.836999976880000000000000000000 
67.5000 	0.837337637500000000000000000000 
67.6000 	0.837674482880000000000000000000 
67.7000 	0.838010513020000000000000000000 
67.8000 	0.838345727920000000000000000000 
67.9000 	0.838680127580000000000000000000 
68.0000 	0.839013712000000000000000000000 
68.1000 	0.839346481180000000000000000000 
68.2000 	0.839678435120000000000000000000 
68.3000 	0.840009573820000000000000000000 
68.4000 	0.840339897280000000000000000000 
68.5000 	0.840669405500000000000000000000 
68.6000 	0.840998098480000000000000000000 
68.7000 	0.841325976220000000000000000000 
68.8000 	0.841653038720000000000000000000 
68.9000 	0.841979285980000000000000000000 
69.0000 	0.842304718000000000000000000000 
69.1000 	0.842629334780000000000000000000 
69.2000 	0.842953136320000000000000000000 
69.3000 	0.843276122620000000000000000000 
69.4000 	0.843598293680000000000000000000 
69.5000 	0.843919649500000000000000000000 
69.6000 	0.844240190080000000000000000000 
69.7000 	0.844559915420000000000000000000 
69.8000 	0.844878825520000000000000000000 
69.9000 	0.845196920380000000000000000000 
70.0000 	0.845514200000000000000000000000 
70.1000 	0.845830664380000000000000000000 
70.2000 	0.846146313520000000000000000000 
70.3000 	0.846461147420000000000000000000 
70.4000 	0.846775166080000000000000000000 
70.5000 	0.847088369500000000000000000000 
70.6000 	0.847400757680000000000000000000 
70.7000 	0.847712330620000000000000000000 
70.8000 	0.848023088320000000000000000000 
70.9000 	0.848333030780000000000000000000 
71.0000 	0.848642158000000000000000000000 
71.1000 	0.848950469980000000000000000000 
71.2000 	0.849257966720000000000000000000 
71.3000 	0.849564648220000000000000000000 
71.4000 	0.849870514480000000000000000000 
71.5000 	0.850175565500000000000000000000 
71.6000 	0.850479801280000000000000000000 
71.7000 	0.850783221820000000000000000000 
71.8000 	0.851085827120000000000000000000 
71.9000 	0.851387617180000000000000000000 
72.0000 	0.851688592000000000000000000000 
72.1000 	0.851988751580000000000000000000 
72.2000 	0.852288095920000000000000000000 
72.3000 	0.852586625020000000000000000000 
72.4000 	0.852884338880000000000000000000 
72.5000 	0.853181237500000000000000000000 
72.6000 	0.853477320880000000000000000000 
72.7000 	0.853772589020000000000000000000 
72.8000 	0.854067041920000000000000000000 
72.9000 	0.854360679580000000000000000000 
73.0000 	0.854653502000000000000000000000 
73.1000 	0.854945509180000000000000000000 
73.2000 	0.855236701120000000000000000000 
73.3000 	0.855527077820000000000000000000 
73.4000 	0.855816639280000000000000000000 
73.5000 	0.856105385500000000000000000000 
73.6000 	0.856393316480000000000000000000 
73.7000 	0.856680432220000000000000000000 
73.8000 	0.856966732720000000000000000000 
73.9000 	0.857252217980000000000000000000 
74.0000 	0.857536888000000000000000000000 
74.1000 	0.857820742780000000000000000000 
74.2000 	0.858103782320000000000000000000 
74.3000 	0.858386006620000000000000000000 
74.4000 	0.858667415680000000000000000000 
74.5000 	0.858948009500000000000000000000 
74.6000 	0.859227788080000000000000000000 
74.7000 	0.859506751420000000000000000000 
74.8000 	0.859784899520000000000000000000 
74.9000 	0.860062232380000000000000000000 
75.0000 	0.860338750000000000000000000000 
75.1000 	0.860614452380000000000000000000 
75.2000 	0.860889339520000000000000000000 
75.3000 	0.861163411420000000000000000000 
75.4000 	0.861436668080000000000000000000 
75.5000 	0.861709109500000000000000000000 
75.6000 	0.861980735680000000000000000000 
75.7000 	0.862251546620000000000000000000 
75.8000 	0.862521542320000000000000000000 
75.9000 	0.862790722780000000000000000000 
76.0000 	0.863059088000000000000000000000 
76.1000 	0.863326619699887000000000000000 
76.2000 	0.863593301404242000000000000000 
76.3000 	0.863859135813651000000000000000 
76.4000 	0.864124125620118000000000000000 
76.5000 	0.864388273507098000000000000000 
76.6000 	0.864651582149518000000000000000 
76.7000 	0.864914054213805000000000000000 
76.8000 	0.865175692357916000000000000000 
76.9000 	0.865436499231364000000000000000 
77.0000 	0.865696477475243000000000000000 
77.1000 	0.865955629722254000000000000000 
77.2000 	0.866213958596737000000000000000 
77.3000 	0.866471466714691000000000000000 
77.4000 	0.866728156683805000000000000000 
77.5000 	0.866984031103483000000000000000 
77.6000 	0.867239092564869000000000000000 
77.7000 	0.867493343650876000000000000000 
77.8000 	0.867746786936210000000000000000 
77.9000 	0.867999424987396000000000000000 
78.0000 	0.868251260362806000000000000000 
78.1000 	0.868502295612682000000000000000 
78.2000 	0.868752533279165000000000000000 
78.3000 	0.869001975896318000000000000000 
78.4000 	0.869250625990154000000000000000 
78.5000 	0.869498486078660000000000000000 
78.6000 	0.869745558671822000000000000000 
78.7000 	0.869991846271652000000000000000 
78.8000 	0.870237351372213000000000000000 
78.9000 	0.870482076459644000000000000000 
79.0000 	0.870726024012184000000000000000 
79.1000 	0.870969196500198000000000000000 
79.2000 	0.871211596386205000000000000000 
79.3000 	0.871453226124897000000000000000 
79.4000 	0.871694088163169000000000000000 
79.5000 	0.871934184940141000000000000000 
79.6000 	0.872173518887182000000000000000 
79.7000 	0.872412092427939000000000000000 
79.8000 	0.872649907978358000000000000000 
79.9000 	0.872886967946707000000000000000 
80.0000 	0.873123274733604000000000000000 
80.1000 	0.873358830732040000000000000000 
80.2000 	0.873593638327403000000000000000 
80.3000 	0.873827699897502000000000000000 
80.4000 	0.874061017812590000000000000000 
80.5000 	0.874293594435392000000000000000 
80.6000 	0.874525432121125000000000000000 
80.7000 	0.874756533217521000000000000000 
80.8000 	0.874986900064855000000000000000 
80.9000 	0.875216534995968000000000000000 
81.0000 	0.875445440336285000000000000000 
81.1000 	0.875673618403846000000000000000 
81.2000 	0.875901071509326000000000000000 
81.3000 	0.876127801956056000000000000000 
81.4000 	0.876353812040052000000000000000 
81.5000 	0.876579104050034000000000000000 
81.6000 	0.876803680267449000000000000000 
81.7000 	0.877027542966498000000000000000 
81.8000 	0.877250694414153000000000000000 
81.9000 	0.877473136870188000000000000000 
82.0000 	0.877694872587193000000000000000 
82.1000 	0.877915903810603000000000000000 
82.2000 	0.878136232778720000000000000000 
82.3000 	0.878355861722732000000000000000 
82.4000 	0.878574792866740000000000000000 
82.5000 	0.878793028427778000000000000000 
82.6000 	0.879010570615836000000000000000 
82.7000 	0.879227421633883000000000000000 
82.8000 	0.879443583677888000000000000000 
82.9000 	0.879659058936843000000000000000 
83.0000 	0.879873849592787000000000000000 
83.1000 	0.880087957820823000000000000000 
83.2000 	0.880301385789147000000000000000 
83.3000 	0.880514135659063000000000000000 
83.4000 	0.880726209585010000000000000000 
83.5000 	0.880937609714582000000000000000 
83.6000 	0.881148338188548000000000000000 
83.7000 	0.881358397140879000000000000000 
83.8000 	0.881567788698761000000000000000 
83.9000 	0.881776514982626000000000000000 
84.0000 	0.881984578106167000000000000000 
84.1000 	0.882191980176361000000000000000 
84.2000 	0.882398723293492000000000000000 
84.3000 	0.882604809551170000000000000000 
84.4000 	0.882810241036355000000000000000 
84.5000 	0.883015019829372000000000000000 
84.6000 	0.883219148003943000000000000000 
84.7000 	0.883422627627195000000000000000 
84.8000 	0.883625460759693000000000000000 
84.9000 	0.883827649455450000000000000000 
85.0000 	0.884029195761956000000000000000 
85.1000 	0.884230101720197000000000000000 
85.2000 	0.884430369364671000000000000000 
85.3000 	0.884630000723414000000000000000 
85.4000 	0.884828997818019000000000000000 
85.5000 	0.885027362663655000000000000000 
85.6000 	0.885225097269088000000000000000 
85.7000 	0.885422203636704000000000000000 
85.8000 	0.885618683762525000000000000000 
85.9000 	0.885814539636232000000000000000 
86.0000 	0.886009773241184000000000000000 
86.1000 	0.886204386554440000000000000000 
86.2000 	0.886398381546775000000000000000 
86.3000 	0.886591760182705000000000000000 
86.4000 	0.886784524420503000000000000000 
86.5000 	0.886976676212220000000000000000 
86.6000 	0.887168217503706000000000000000 
86.7000 	0.887359150234629000000000000000 
86.8000 	0.887549476338492000000000000000 
86.9000 	0.887739197742658000000000000000 
87.0000 	0.887928316368364000000000000000 
87.1000 	0.888116834130744000000000000000 
87.2000 	0.888304752938847000000000000000 
87.3000 	0.888492074695656000000000000000 
87.4000 	0.888678801298110000000000000000 
87.5000 	0.888864934637119000000000000000 
87.6000 	0.889050476597586000000000000000 
87.7000 	0.889235429058425000000000000000 
87.8000 	0.889419793892581000000000000000 
87.9000 	0.889603572967047000000000000000 
88.0000 	0.889786768142886000000000000000 
88.1000 	0.889969381275246000000000000000 
88.2000 	0.890151414213384000000000000000 
88.3000 	0.890332868800679000000000000000 
88.4000 	0.890513746874653000000000000000 
88.5000 	0.890694050266992000000000000000 
88.6000 	0.890873780803560000000000000000 
88.7000 	0.891052940304423000000000000000 
88.8000 	0.891231530583860000000000000000 
88.9000 	0.891409553450390000000000000000 
89.0000 	0.891587010706783000000000000000 
89.1000 	0.891763904150083000000000000000 
89.2000 	0.891940235571625000000000000000 
89.3000 	0.892116006757049000000000000000 
89.4000 	0.892291219486327000000000000000 
89.5000 	0.892465875533771000000000000000 
89.6000 	0.892639976668058000000000000000 
89.7000 	0.892813524652246000000000000000 
89.8000 	0.892986521243791000000000000000 
89.9000 	0.893158968194563000000000000000 
90.0000 	0.893330867250870000000000000000 
90.1000 	0.893502220153468000000000000000 
90.2000 	0.893673028637585000000000000000 
90.3000 	0.893843294432935000000000000000 
90.4000 	0.894013019263736000000000000000 
90.5000 	0.894182204848728000000000000000 
90.6000 	0.894350852901189000000000000000 
90.7000 	0.894518965128957000000000000000 
90.8000 	0.894686543234441000000000000000 
90.9000 	0.894853588914641000000000000000 
91.0000 	0.895020103861168000000000000000 
91.1000 	0.895186089760256000000000000000 
91.2000 	0.895351548292782000000000000000 
91.3000 	0.895516481134283000000000000000 
91.4000 	0.895680889954973000000000000000 
91.5000 	0.895844776419758000000000000000 
91.6000 	0.896008142188255000000000000000 
91.7000 	0.896170988914809000000000000000 
91.8000 	0.896333318248508000000000000000 
91.9000 	0.896495131833200000000000000000 
92.0000 	0.896656431307511000000000000000 
92.1000 	0.896817218304860000000000000000 
92.2000 	0.896977494453479000000000000000 
92.3000 	0.897137261376423000000000000000 
92.4000 	0.897296520691592000000000000000 
92.5000 	0.897455274011747000000000000000 
92.6000 	0.897613522944522000000000000000 
92.7000 	0.897771269092447000000000000000 
92.8000 	0.897928514052956000000000000000 
92.9000 	0.898085259418412000000000000000 
93.0000 	0.898241506776116000000000000000 
93.1000 	0.898397257708327000000000000000 
93.2000 	0.898552513792276000000000000000 
93.3000 	0.898707276600184000000000000000 
93.4000 	0.898861547699276000000000000000 
93.5000 	0.899015328651798000000000000000 
93.6000 	0.899168621015033000000000000000 
93.7000 	0.899321426341314000000000000000 
93.8000 	0.899473746178045000000000000000 
93.9000 	0.899625582067712000000000000000 
94.0000 	0.899776935547900000000000000000 
94.1000 	0.899927808151309000000000000000 
94.2000 	0.900078201405770000000000000000 
94.3000 	0.900228116834259000000000000000 
94.4000 	0.900377555954915000000000000000 
94.5000 	0.900526520281050000000000000000 
94.6000 	0.900675011321172000000000000000 
94.7000 	0.900823030578994000000000000000 
94.8000 	0.900970579553452000000000000000 
94.9000 	0.901117659738718000000000000000 
95.0000 	0.901264272624219000000000000000 
95.1000 	0.901410419694650000000000000000 
95.2000 	0.901556102429987000000000000000 
95.3000 	0.901701322305505000000000000000 
95.4000 	0.901846080791791000000000000000 
95.5000 	0.901990379354760000000000000000 
95.6000 	0.902134219455671000000000000000 
95.7000 	0.902277602551138000000000000000 
95.8000 	0.902420530093149000000000000000 
95.9000 	0.902563003529077000000000000000 
96.0000 	0.902705024301697000000000000000 
96.1000 	0.902846593849202000000000000000 
96.2000 	0.902987713605213000000000000000 
96.3000 	0.903128384998797000000000000000 
96.4000 	0.903268609454481000000000000000 
96.5000 	0.903408388392266000000000000000 
96.6000 	0.903547723227641000000000000000 
96.7000 	0.903686615371598000000000000000 
96.8000 	0.903825066230645000000000000000 
96.9000 	0.903963077206824000000000000000 
97.0000 	0.904100649697719000000000000000 
97.1000 	0.904237785096476000000000000000 
97.2000 	0.904374484791814000000000000000 
97.3000 	0.904510750168040000000000000000 
97.4000 	0.904646582605062000000000000000 
97.5000 	0.904781983478406000000000000000 
97.6000 	0.904916954159224000000000000000 
97.7000 	0.905051496014315000000000000000 
97.8000 	0.905185610406135000000000000000 
97.9000 	0.905319298692808000000000000000 
98.0000 	0.905452562228148000000000000000 
98.1000 	0.905585402361663000000000000000 
98.2000 	0.905717820438577000000000000000 
98.3000 	0.905849817799838000000000000000 
98.4000 	0.905981395782134000000000000000 
98.5000 	0.906112555717906000000000000000 
98.6000 	0.906243298935362000000000000000 
98.7000 	0.906373626758490000000000000000 
98.8000 	0.906503540507070000000000000000 
98.9000 	0.906633041496692000000000000000 
99.0000 	0.906762131038762000000000000000 
99.1000 	0.906890810440524000000000000000 
99.2000 	0.907019081005065000000000000000 
99.3000 	0.907146944031333000000000000000 
99.4000 	0.907274400814150000000000000000 
99.5000 	0.907401452644223000000000000000 
99.6000 	0.907528100808158000000000000000 
99.7000 	0.907654346588474000000000000000 
99.8000 	0.907780191263615000000000000000 
99.9000 	0.907905636107964000000000000000 
100.0000 	0.908030682391852000000000000000 
100.1000 	0.908155331381578000000000000000 
100.2000 	0.908279584339415000000000000000 
100.3000 	0.908403442523627000000000000000 
100.4000 	0.908526907188478000000000000000 
100.5000 	0.908649979584251000000000000000 
100.6000 	0.908772660957253000000000000000 
100.7000 	0.908894952549832000000000000000 
100.8000 	0.909016855600389000000000000000 
100.9000 	0.909138371343393000000000000000 
101.0000 	0.909259501009387000000000000000 
101.1000 	0.909380245825006000000000000000 
101.2000 	0.909500607012988000000000000000 
101.3000 	0.909620585792185000000000000000 
101.4000 	0.909740183377579000000000000000 
101.5000 	0.909859400980289000000000000000 
101.6000 	0.909978239807587000000000000000 
101.7000 	0.910096701062911000000000000000 
101.8000 	0.910214785945872000000000000000 
101.9000 	0.910332495652272000000000000000 
102.0000 	0.910449831374115000000000000000 
102.1000 	0.910566794299614000000000000000 
102.2000 	0.910683385613210000000000000000 
102.3000 	0.910799606495579000000000000000 
102.4000 	0.910915458123648000000000000000 
102.5000 	0.911030941670602000000000000000 
102.6000 	0.911146058305900000000000000000 
102.7000 	0.911260809195285000000000000000 
102.8000 	0.911375195500797000000000000000 
102.9000 	0.911489218380783000000000000000 
103.0000 	0.911602878989910000000000000000 
103.1000 	0.911716178479178000000000000000 
103.2000 	0.911829117995927000000000000000 
103.3000 	0.911941698683854000000000000000 
103.4000 	0.912053921683022000000000000000 
103.5000 	0.912165788129871000000000000000 
103.6000 	0.912277299157231000000000000000 
103.7000 	0.912388455894333000000000000000 
103.8000 	0.912499259466819000000000000000 
103.9000 	0.912609710996755000000000000000 
104.0000 	0.912719811602644000000000000000 
104.1000 	0.912829562399433000000000000000 
104.2000 	0.912938964498527000000000000000 
104.3000 	0.913048019007801000000000000000 
104.4000 	0.913156727031609000000000000000 
104.5000 	0.913265089670796000000000000000 
104.6000 	0.913373108022711000000000000000 
104.7000 	0.913480783181215000000000000000 
104.8000 	0.913588116236695000000000000000 
104.9000 	0.913695108276072000000000000000 
105.0000 	0.913801760382814000000000000000 
105.1000 	0.913908073636948000000000000000 
105.2000 	0.914014049115069000000000000000 
105.3000 	0.914119687890350000000000000000 
105.4000 	0.914224991032557000000000000000 
105.5000 	0.914329959608054000000000000000 
105.6000 	0.914434594679819000000000000000 
105.7000 	0.914538897307453000000000000000 
105.8000 	0.914642868547190000000000000000 
105.9000 	0.914746509451907000000000000000 
106.0000 	0.914849821071137000000000000000 
106.1000 	0.914952804451079000000000000000 
106.2000 	0.915055460634606000000000000000 
106.3000 	0.915157790661280000000000000000 
106.4000 	0.915259795567359000000000000000 
106.5000 	0.915361476385808000000000000000 
106.6000 	0.915462834146311000000000000000 
106.7000 	0.915563869875280000000000000000 
106.8000 	0.915664584595867000000000000000 
106.9000 	0.915764979327972000000000000000 
107.0000 	0.915865055088254000000000000000 
107.1000 	0.915964812890144000000000000000 
107.2000 	0.916064253743852000000000000000 
107.3000 	0.916163378656378000000000000000 
107.4000 	0.916262188631524000000000000000 
107.5000 	0.916360684669900000000000000000 
107.6000 	0.916458867768940000000000000000 
107.7000 	0.916556738922907000000000000000 
107.8000 	0.916654299122907000000000000000 
107.9000 	0.916751549356894000000000000000 
108.0000 	0.916848490609685000000000000000 
108.1000 	0.916945123862969000000000000000 
108.2000 	0.917041450095315000000000000000 
108.3000 	0.917137470282181000000000000000 
108.4000 	0.917233185395930000000000000000 
108.5000 	0.917328596405831000000000000000 
108.6000 	0.917423704278078000000000000000 
108.7000 	0.917518509975791000000000000000 
108.8000 	0.917613014459033000000000000000 
108.9000 	0.917707218684815000000000000000 
109.0000 	0.917801123607109000000000000000 
109.1000 	0.917894730176854000000000000000 
109.2000 	0.917988039341969000000000000000 
109.3000 	0.918081052047362000000000000000 
109.4000 	0.918173769234938000000000000000 
109.5000 	0.918266191843608000000000000000 
109.6000 	0.918358320809303000000000000000 
109.7000 	0.918450157064977000000000000000 
109.8000 	0.918541701540622000000000000000 
109.9000 	0.918632955163276000000000000000 
110.0000 	0.918723918857029000000000000000 
110.1000 	0.918814593543037000000000000000 
110.2000 	0.918904980139529000000000000000 
110.3000 	0.918995079561815000000000000000 
110.4000 	0.919084892722300000000000000000 
110.5000 	0.919174420530487000000000000000 
110.6000 	0.919263663892992000000000000000 
110.7000 	0.919352623713548000000000000000 
110.8000 	0.919441300893019000000000000000 
110.9000 	0.919529696329405000000000000000 
111.0000 	0.919617810917853000000000000000 
111.1000 	0.919705645550669000000000000000 
111.2000 	0.919793201117319000000000000000 
111.3000 	0.919880478504446000000000000000 
111.4000 	0.919967478595877000000000000000 
111.5000 	0.920054202272628000000000000000 
111.6000 	0.920140650412918000000000000000 
111.7000 	0.920226823892175000000000000000 
111.8000 	0.920312723583046000000000000000 
111.9000 	0.920398350355404000000000000000 
112.0000 	0.920483705076361000000000000000 
112.1000 	0.920568788610271000000000000000 
112.2000 	0.920653601818744000000000000000 
112.3000 	0.920738145560652000000000000000 
112.4000 	0.920822420692137000000000000000 
112.5000 	0.920906428066622000000000000000 
112.6000 	0.920990168534819000000000000000 
112.7000 	0.921073642944736000000000000000 
112.8000 	0.921156852141688000000000000000 
112.9000 	0.921239796968302000000000000000 
113.0000 	0.921322478264531000000000000000 
113.1000 	0.921404896867656000000000000000 
113.2000 	0.921487053612301000000000000000 
113.3000 	0.921568949330436000000000000000 
113.4000 	0.921650584851388000000000000000 
113.5000 	0.921731961001850000000000000000 
113.6000 	0.921813078605888000000000000000 
113.7000 	0.921893938484949000000000000000 
113.8000 	0.921974541457872000000000000000 
113.9000 	0.922054888340892000000000000000 
114.0000 	0.922134979947653000000000000000 
114.1000 	0.922214817089212000000000000000 
114.2000 	0.922294400574050000000000000000 
114.3000 	0.922373731208081000000000000000 
114.4000 	0.922452809794654000000000000000 
114.5000 	0.922531637134570000000000000000 
114.6000 	0.922610214026084000000000000000 
114.7000 	0.922688541264914000000000000000 
114.8000 	0.922766619644252000000000000000 
114.9000 	0.922844449954768000000000000000 
115.0000 	0.922922032984620000000000000000 
115.1000 	0.922999369519463000000000000000 
115.2000 	0.923076460342456000000000000000 
115.3000 	0.923153306234267000000000000000 
115.4000 	0.923229907973088000000000000000 
115.5000 	0.923306266334634000000000000000 
115.6000 	0.923382382092160000000000000000 
115.7000 	0.923458256016460000000000000000 
115.8000 	0.923533888875881000000000000000 
115.9000 	0.923609281436330000000000000000 
116.0000 	0.923684434461278000000000000000 
116.1000 	0.923759348711773000000000000000 
116.2000 	0.923834024946443000000000000000 
116.3000 	0.923908463921506000000000000000 
116.4000 	0.923982666390779000000000000000 
116.5000 	0.924056633105681000000000000000 
116.6000 	0.924130364815246000000000000000 
116.7000 	0.924203862266129000000000000000 
116.8000 	0.924277126202609000000000000000 
116.9000 	0.924350157366603000000000000000 
117.0000 	0.924422956497672000000000000000 
117.1000 	0.924495524333024000000000000000 
117.2000 	0.924567861607527000000000000000 
117.3000 	0.924639969053714000000000000000 
117.4000 	0.924711847401789000000000000000 
117.5000 	0.924783497379639000000000000000 
117.6000 	0.924854919712835000000000000000 
117.7000 	0.924926115124645000000000000000 
117.8000 	0.924997084336038000000000000000 
117.9000 	0.925067828065693000000000000000 
118.0000 	0.925138347030006000000000000000 
118.1000 	0.925208641943095000000000000000 
118.2000 	0.925278713516812000000000000000 
118.3000 	0.925348562460744000000000000000 
118.4000 	0.925418189482226000000000000000 
118.5000 	0.925487595286345000000000000000 
118.6000 	0.925556780575947000000000000000 
118.7000 	0.925625746051647000000000000000 
118.8000 	0.925694492411831000000000000000 
118.9000 	0.925763020352669000000000000000 
119.0000 	0.925831330568117000000000000000 
119.1000 	0.925899423749928000000000000000 
119.2000 	0.925967300587655000000000000000 
119.3000 	0.926034961768663000000000000000 
119.4000 	0.926102407978130000000000000000 
119.5000 	0.926169639899060000000000000000 
119.6000 	0.926236658212285000000000000000 
119.7000 	0.926303463596474000000000000000 
119.8000 	0.926370056728141000000000000000 
119.9000 	0.926436438281649000000000000000 
120.0000 	0.926502608929219000000000000000 
120.1000 	0.926568569340938000000000000000 
120.2000 	0.926634320184761000000000000000 
120.3000 	0.926699862126524000000000000000 
120.4000 	0.926765195829944000000000000000 
120.5000 	0.926830321956631000000000000000 
120.6000 	0.926895241166094000000000000000 
120.7000 	0.926959954115746000000000000000 
120.8000 	0.927024461460910000000000000000 
120.9000 	0.927088763854828000000000000000 
121.0000 	0.927152861948666000000000000000 
121.1000 	0.927216756391523000000000000000 
121.2000 	0.927280447830432000000000000000 
121.3000 	0.927343936910374000000000000000 
121.4000 	0.927407224274279000000000000000 
121.5000 	0.927470310563034000000000000000 
121.6000 	0.927533196415490000000000000000 
121.7000 	0.927595882468470000000000000000 
121.8000 	0.927658369356772000000000000000 
121.9000 	0.927720657713176000000000000000 
122.0000 	0.927782748168454000000000000000 
122.1000 	0.927844641351373000000000000000 
122.2000 	0.927906337888702000000000000000 
122.3000 	0.927967838405219000000000000000 
122.4000 	0.928029143523716000000000000000 
122.5000 	0.928090253865007000000000000000 
122.6000 	0.928151170047935000000000000000 
122.7000 	0.928211892689375000000000000000 
122.8000 	0.928272422404242000000000000000 
122.9000 	0.928332759805498000000000000000 
123.0000 	0.928392905504158000000000000000 
123.1000 	0.928452860109294000000000000000 
123.2000 	0.928512624228044000000000000000 
123.3000 	0.928572198465618000000000000000 
123.4000 	0.928631583425301000000000000000 
123.5000 	0.928690779708463000000000000000 
123.6000 	0.928749787914563000000000000000 
123.7000 	0.928808608641154000000000000000 
123.8000 	0.928867242483892000000000000000 
123.9000 	0.928925690036541000000000000000 
124.0000 	0.928983951890976000000000000000 
124.1000 	0.929042028637194000000000000000 
124.2000 	0.929099920863317000000000000000 
124.3000 	0.929157629155596000000000000000 
124.4000 	0.929215154098424000000000000000 
124.5000 	0.929272496274333000000000000000 
124.6000 	0.929329656264006000000000000000 
124.7000 	0.929386634646281000000000000000 
124.8000 	0.929443431998158000000000000000 
124.9000 	0.929500048894800000000000000000 
125.0000 	0.929556485909548000000000000000 
125.1000 	0.929612743613916000000000000000 
125.2000 	0.929668822577607000000000000000 
125.3000 	0.929724723368511000000000000000 
125.4000 	0.929780446552714000000000000000 
125.5000 	0.929835992694504000000000000000 
125.6000 	0.929891362356376000000000000000 
125.7000 	0.929946556099039000000000000000 
125.8000 	0.930001574481418000000000000000 
125.9000 	0.930056418060665000000000000000 
126.0000 	0.930111087392159000000000000000 
126.1000 	0.930165583029517000000000000000 
126.2000 	0.930219905524596000000000000000 
126.3000 	0.930274055427499000000000000000 
126.4000 	0.930328033286582000000000000000 
126.5000 	0.930381839648459000000000000000 
126.6000 	0.930435475058007000000000000000 
126.7000 	0.930488940058372000000000000000 
126.8000 	0.930542235190973000000000000000 
126.9000 	0.930595360995511000000000000000 
127.0000 	0.930648318009970000000000000000 
127.1000 	0.930701106770628000000000000000 
127.2000 	0.930753727812055000000000000000 
127.3000 	0.930806181667126000000000000000 
127.4000 	0.930858468867021000000000000000 
127.5000 	0.930910589941233000000000000000 
127.6000 	0.930962545417573000000000000000 
127.7000 	0.931014335822175000000000000000 
127.8000 	0.931065961679500000000000000000 
127.9000 	0.931117423512345000000000000000 
128.0000 	0.931168721841844000000000000000 
128.1000 	0.931219857187476000000000000000 
128.2000 	0.931270830067070000000000000000 
128.3000 	0.931321640996809000000000000000 
128.4000 	0.931372290491237000000000000000 
128.5000 	0.931422779063262000000000000000 
128.6000 	0.931473107224163000000000000000 
128.7000 	0.931523275483595000000000000000 
128.8000 	0.931573284349592000000000000000 
128.9000 	0.931623134328576000000000000000 
129.0000 	0.931672825925360000000000000000 
129.1000 	0.931722359643150000000000000000 
129.2000 	0.931771735983558000000000000000 
129.3000 	0.931820955446598000000000000000 
129.4000 	0.931870018530698000000000000000 
129.5000 	0.931918925732701000000000000000 
129.6000 	0.931967677547873000000000000000 
129.7000 	0.932016274469904000000000000000 
129.8000 	0.932064716990918000000000000000 
129.9000 	0.932113005601474000000000000000 
130.0000 	0.932161140790572000000000000000 
130.1000 	0.932209123045661000000000000000 
130.2000 	0.932256952852638000000000000000 
130.3000 	0.932304630695857000000000000000 
130.4000 	0.932352157058136000000000000000 
130.5000 	0.932399532420754000000000000000 
130.6000 	0.932446757263466000000000000000 
130.7000 	0.932493832064499000000000000000 
130.8000 	0.932540757300563000000000000000 
130.9000 	0.932587533446851000000000000000 
131.0000 	0.932634160977048000000000000000 
131.1000 	0.932680640363334000000000000000 
131.2000 	0.932726972076389000000000000000 
131.3000 	0.932773156585395000000000000000 
131.4000 	0.932819194358048000000000000000 
131.5000 	0.932865085860553000000000000000 
131.6000 	0.932910831557637000000000000000 
131.7000 	0.932956431912550000000000000000 
131.8000 	0.933001887387069000000000000000 
131.9000 	0.933047198441506000000000000000 
132.0000 	0.933092365534707000000000000000 
132.1000 	0.933137389124065000000000000000 
132.2000 	0.933182269665514000000000000000 
132.3000 	0.933227007613545000000000000000 
132.4000 	0.933271603421202000000000000000 
132.5000 	0.933316057540089000000000000000 
132.6000 	0.933360370420378000000000000000 
132.7000 	0.933404542510807000000000000000 
132.8000 	0.933448574258692000000000000000 
132.9000 	0.933492466109926000000000000000 
133.0000 	0.933536218508984000000000000000 
133.1000 	0.933579831898931000000000000000 
133.2000 	0.933623306721424000000000000000 
133.3000 	0.933666643416715000000000000000 
133.4000 	0.933709842423661000000000000000 
133.5000 	0.933752904179719000000000000000 
133.6000 	0.933795829120962000000000000000 
133.7000 	0.933838617682074000000000000000 
133.8000 	0.933881270296359000000000000000 
133.9000 	0.933923787395743000000000000000 
134.0000 	0.933966169410782000000000000000 
134.1000 	0.934008416770663000000000000000 
134.2000 	0.934050529903208000000000000000 
134.3000 	0.934092509234882000000000000000 
134.4000 	0.934134355190794000000000000000 
134.5000 	0.934176068194702000000000000000 
134.6000 	0.934217648669018000000000000000 
134.7000 	0.934259097034812000000000000000 
134.8000 	0.934300413711817000000000000000 
134.9000 	0.934341599118431000000000000000 
135.0000 	0.934382653671722000000000000000 
135.1000 	0.934423577787436000000000000000 
135.2000 	0.934464371879995000000000000000 
135.3000 	0.934505036362507000000000000000 
135.4000 	0.934545571646765000000000000000 
135.5000 	0.934585978143254000000000000000 
135.6000 	0.934626256261157000000000000000 
135.7000 	0.934666406408355000000000000000 
135.8000 	0.934706428991433000000000000000 
135.9000 	0.934746324415685000000000000000 
136.0000 	0.934786093085118000000000000000 
136.1000 	0.934825735402453000000000000000 
136.2000 	0.934865251769134000000000000000 
136.3000 	0.934904642585329000000000000000 
136.4000 	0.934943908249932000000000000000 
136.5000 	0.934983049160574000000000000000 
136.6000 	0.935022065713619000000000000000 
136.7000 	0.935060958304174000000000000000 
136.8000 	0.935099727326089000000000000000 
136.9000 	0.935138373171964000000000000000 
137.0000 	0.935176896233150000000000000000 
137.1000 	0.935215296899757000000000000000 
137.2000 	0.935253575560654000000000000000 
137.3000 	0.935291732603474000000000000000 
137.4000 	0.935329768414620000000000000000 
137.5000 	0.935367683379266000000000000000 
137.6000 	0.935405477881362000000000000000 
137.7000 	0.935443152303640000000000000000 
137.8000 	0.935480707027615000000000000000 
137.9000 	0.935518142433588000000000000000 
138.0000 	0.935555458900655000000000000000 
138.1000 	0.935592656806706000000000000000 
138.2000 	0.935629736528429000000000000000 
138.3000 	0.935666698441318000000000000000 
138.4000 	0.935703542919671000000000000000 
138.5000 	0.935740270336599000000000000000 
138.6000 	0.935776881064027000000000000000 
138.7000 	0.935813375472699000000000000000 
138.8000 	0.935849753932178000000000000000 
138.9000 	0.935886016810857000000000000000 
139.0000 	0.935922164475957000000000000000 
139.1000 	0.935958197293530000000000000000 
139.2000 	0.935994115628468000000000000000 
139.3000 	0.936029919844503000000000000000 
139.4000 	0.936065610304210000000000000000 
139.5000 	0.936101187369013000000000000000 
139.6000 	0.936136651399189000000000000000 
139.7000 	0.936172002753868000000000000000 
139.8000 	0.936207241791039000000000000000 
139.9000 	0.936242368867557000000000000000 
140.0000 	0.936277384339139000000000000000 
140.1000 	0.936312288560374000000000000000 
140.2000 	0.936347081884724000000000000000 
140.3000 	0.936381764664528000000000000000 
140.4000 	0.936416337251006000000000000000 
140.5000 	0.936450799994261000000000000000 
140.6000 	0.936485153243286000000000000000 
140.7000 	0.936519397345961000000000000000 
140.8000 	0.936553532649065000000000000000 
140.9000 	0.936587559498273000000000000000 
141.0000 	0.936621478238162000000000000000 
141.1000 	0.936655289212215000000000000000 
141.2000 	0.936688992762823000000000000000 
141.3000 	0.936722589231289000000000000000 
141.4000 	0.936756078957831000000000000000 
141.5000 	0.936789462281589000000000000000 
141.6000 	0.936822739540622000000000000000 
141.7000 	0.936855911071917000000000000000 
141.8000 	0.936888977211390000000000000000 
141.9000 	0.936921938293888000000000000000 
142.0000 	0.936954794653198000000000000000 
142.1000 	0.936987546622041000000000000000 
142.2000 	0.937020194532087000000000000000 
142.3000 	0.937052738713947000000000000000 
142.4000 	0.937085179497185000000000000000 
142.5000 	0.937117517210317000000000000000 
142.6000 	0.937149752180813000000000000000 
142.7000 	0.937181884735107000000000000000 
142.8000 	0.937213915198592000000000000000 
142.9000 	0.937245843895629000000000000000 
143.0000 	0.937277671149547000000000000000 
143.1000 	0.937309397282650000000000000000 
143.2000 	0.937341022616217000000000000000 
143.3000 	0.937372547470504000000000000000 
143.4000 	0.937403972164753000000000000000 
143.5000 	0.937435297017191000000000000000 
143.6000 	0.937466522345030000000000000000 
143.7000 	0.937497648464481000000000000000 
143.8000 	0.937528675690744000000000000000 
143.9000 	0.937559604338020000000000000000 
144.0000 	0.937590434719514000000000000000 
144.1000 	0.937621167147432000000000000000 
144.2000 	0.937651801932991000000000000000 
144.3000 	0.937682339386417000000000000000 
144.4000 	0.937712779816952000000000000000 
144.5000 	0.937743123532855000000000000000 
144.6000 	0.937773370841405000000000000000 
144.7000 	0.937803522048905000000000000000 
144.8000 	0.937833577460686000000000000000 
144.9000 	0.937863537381108000000000000000 
145.0000 	0.937893402113562000000000000000 
145.1000 	0.937923171960479000000000000000 
145.2000 	0.937952847223327000000000000000 
145.3000 	0.937982428202616000000000000000 
145.4000 	0.938011915197901000000000000000 
145.5000 	0.938041308507786000000000000000 
145.6000 	0.938070608429926000000000000000 
145.7000 	0.938099815261031000000000000000 
145.8000 	0.938128929296867000000000000000 
145.9000 	0.938157950832262000000000000000 
146.0000 	0.938186880161105000000000000000 
146.1000 	0.938215717576353000000000000000 
146.2000 	0.938244463370033000000000000000 
146.3000 	0.938273117833241000000000000000 
146.4000 	0.938301681256151000000000000000 
146.5000 	0.938330153928013000000000000000 
146.6000 	0.938358536137161000000000000000 
146.7000 	0.938386828171010000000000000000 
146.8000 	0.938415030316064000000000000000 
146.9000 	0.938443142857914000000000000000 
147.0000 	0.938471166081245000000000000000 
147.1000 	0.938499100269840000000000000000 
147.2000 	0.938526945706575000000000000000 
147.3000 	0.938554702673434000000000000000 
147.4000 	0.938582371451498000000000000000 
147.5000 	0.938609952320961000000000000000 
147.6000 	0.938637445561122000000000000000 
147.7000 	0.938664851450397000000000000000 
147.8000 	0.938692170266313000000000000000 
147.9000 	0.938719402285519000000000000000 
148.0000 	0.938746547783784000000000000000 
148.1000 	0.938773607035998000000000000000 
148.2000 	0.938800580316182000000000000000 
148.3000 	0.938827467897484000000000000000 
148.4000 	0.938854270052183000000000000000 
148.5000 	0.938880987051697000000000000000 
148.6000 	0.938907619166577000000000000000 
148.7000 	0.938934166666517000000000000000 
148.8000 	0.938960629820355000000000000000 
148.9000 	0.938987008896071000000000000000 
149.0000 	0.939013304160798000000000000000 
149.1000 	0.939039515880818000000000000000 
149.2000 	0.939065644321567000000000000000 
149.3000 	0.939091689747638000000000000000 
149.4000 	0.939117652422783000000000000000 
149.5000 	0.939143532609916000000000000000 
149.6000 	0.939169330571118000000000000000 
149.7000 	0.939195046567633000000000000000 
149.8000 	0.939220680859879000000000000000 
149.9000 	0.939246233707444000000000000000 
400.0000	0.939246233707444000000000000000