0.0000 	0.950000000000000000000000000000 
0.5000 	0.949311740380000000000000000000 
1.0000 	0.947134884440000000000000000000 
1.5000 	0.944602483160000000000000000000 
2.0000 	0.940946655100000000000000000000 
2.5000 	0.936433759560000000000000000000 
3.0000 	0.931039655240000000000000000000 
3.5000 	0.924977233900000000000000000000 
4.0000 	0.918551697150000000000000000000 
4.5000 	0.912017190550000000000000000000 
5.0000 	0.905614917890000000000000000000 
5.5000 	0.899503213920000000000000000000 
6.0000 	0.893766662420000000000000000000 
6.5000 	0.888424143460000000000000000000 
7.0000 	0.883435793230000000000000000000 
7.5000 	0.878749157920000000000000000000 
8.0000 	0.874318064320000000000000000000 
8.5000 	0.870101324870000000000000000000 
9.0000 	0.866061266350000000000000000000 
9.5000 	0.862162187230000000000000000000 
10.0000 	0.858368863790000000000000000000 
10.5000 	0.854645240230000000000000000000 
11.0000 	0.850953442240000000000000000000 
11.5000 	0.847253236790000000000000000000 
12.0000 	0.843502021480000000000000000000 
12.5000 	0.839655366180000000000000000000 
13.0000 	0.835668059400000000000000000000 
13.5000 	0.831495542040000000000000000000 
14.0000 	0.827095557300000000000000000000 
14.5000 	0.822432100450000000000000000000 
15.0000 	0.817513575080000000000000000000 
15.5000 	0.812375349270000000000000000000 
16.0000 	0.807081136770000000000000000000 
16.5000 	0.801723838760000000000000000000 
17.0000 	0.796421274340000000000000000000 
17.5000 	0.791242633820000000000000000000 
18.0000 	0.786242724540000000000000000000 
18.5000 	0.781422915110000000000000000000 
19.0000 	0.776747134680000000000000000000 
19.5000 	0.772140788110000000000000000000 
20.0000 	0.767524119390000000000000000000 
20.5000 	0.762795082780000000000000000000 
21.0000 	0.757900606880000000000000000000 
21.5000 	0.752797800670000000000000000000 
22.0000 	0.747454302800000000000000000000 
22.5000 	0.741849251490000000000000000000 
23.0000 	0.735972629510000000000000000000 
23.5000 	0.729790861240000000000000000000 
24.0000 	0.723268215740000000000000000000 
24.5000 	0.716369320790000000000000000000 
25.0000 	0.709061884770000000000000000000 
25.5000 	0.701319382100000000000000000000 
26.0000 	0.693123446290000000000000000000 
26.5000 	0.684465732870000000000000000000 
27.0000 	0.675349064770000000000000000000 
27.5000 	0.665787747530000000000000000000 
28.0000 	0.655807031410000000000000000000 
28.5000 	0.645441789120000000000000000000 
29.0000 	0.634734559050000000000000000000 
29.5000 	0.623733162580000000000000000000 
30.0000 	0.612488134790000000000000000000 
30.5000 	0.601050207320000000000000000000 
31.0000 	0.589468054630000000000000000000 
31.5000 	0.577786465650000000000000000000 
32.0000 	0.566045043080000000000000000000 
32.5000 	0.554277469340000000000000000000 
33.0000 	0.542511321730000000000000000000 
33.5000 	0.530768373900000000000000000000 
34.0000 	0.519065289590000000000000000000 
34.5000 	0.507414597480000000000000000000 
35.0000 	0.495825830590000000000000000000 
35.5000 	0.484306717620000000000000000000 
36.0000 	0.472864323070000000000000000000 
36.5000 	0.461506045840000000000000000000 
37.0000 	0.450240401320000000000000000000 
37.5000 	0.439077528230000000000000000000 
38.0000 	0.428029380040000000000000000000 
38.5000 	0.417109581150000000000000000000 
39.0000 	0.406332950700000000000000000000 
39.5000 	0.395714721620000000000000000000 
40.0000 	0.385269507900000000000000000000 
40.5000 	0.375010097890000000000000000000 
41.0000 	0.364946172930000000000000000000 
41.5000 	0.355083066510000000000000000000 
42.0000 	0.345420686910000000000000000000 
42.5000 	0.335952722500000000000000000000 
43.0000 	0.326666234100000000000000000000 
43.5000 	0.317541709890000000000000000000 
44.0000 	0.308553619020000000000000000000 
44.5000 	0.299671452260000000000000000000 
45.0000 	0.290861186730000000000000000000 
45.5000 	0.282087064160000000000000000000 
46.0000 	0.273313534710000000000000000000 
46.5000 	0.264507197050000000000000000000 
47.0000 	0.255638565570000000000000000000 
47.5000 	0.246683517310000000000000000000 
48.0000 	0.237624312350000000000000000000 
48.5000 	0.228450136430000000000000000000 
49.0000 	0.219157173960000000000000000000 
49.5000 	0.209748273690000000000000000000 
50.0000 	0.200232309740000000000000000000 
50.5000 	0.190623360190000000000000000000 
51.0000 	0.180939822530000000000000000000 
51.5000 	0.171203561950000000000000000000 
52.0000 	0.161439150940000000000000000000 
52.5000 	0.151673216160000000000000000000 
53.0000 	0.141933870210000000000000000000 
53.5000 	0.132250179990000000000000000000 
54.0000 	0.122651614560000000000000000000 
54.5000 	0.113167424240000000000000000000 
55.0000 	0.103825926000000000000000000000 
55.5000 	0.094653700737000000000000000000 
56.0000 	0.085674738876000000000000000000 
56.5000 	0.076909593296000000000000000000 
57.0000 	0.068374608309000000000000000000 
57.5000 	0.060081288087000000000000000000 
58.0000 	0.052039865909000000000000000000 
58.5000 	0.044278267872000000000000000000 
59.0000 	0.036854522908000000000000000000 
59.5000 	0.029856622902000000000000000000 
60.0000 	0.023402755754000000000000000000 
60.5000 	0.017633847221000000000000000000 
61.0000 	0.012676035235000000000000000000 
61.5000 	0.008612923032500000000000000000 
62.0000 	0.005468361600800000000000000000 
62.5000 	0.003195771511600000000000000000 
63.0000 	0.001691561789700000000000000000 
63.5000 	0.000791143125420000000000000000 
64.0000 	0.000313916203450000000000000000 
64.5000 	0.000100318115560000000000000000 
65.0000 	0.000028741621321000000000000000 
65.5000 	0.000008234612378000000000000000 
66.0000 	0.000002359255946600000000000000 
66.5000 	0.000000675938145720000000000000 
67.0000 	0.000000193659521130000000000000 
67.5000 	0.000000055484381761000000000000 
68.0000 	0.000000015896541525000000000000 
68.5000 	0.000000004554435400500000000000 
69.0000 	0.000000001304867589200000000000 
69.5000 	0.000000000373850823580000000000 
70.0000 	0.000000000107110054270000000000 
70.5000 	0.000000000030687544339000000000 
71.0000 	0.000000000008792128657100000000 
71.5000 	0.000000000002518987034900000000 
72.0000 	0.000000000000721701868720000000 
72.5000 	0.000000000000206771047290000000 
73.0000 	0.000000000000059240896901000000 
73.5000 	0.000000000000016972801132000000 
74.0000 	0.000000000000004862788940600000 
74.5000 	0.000000000000001393212357600000 
75.0000 	0.000000000000000399162023490000 
75.5000 	0.000000000000000114361834460000 
76.0000 	0.000000000000000032765214149000 
76.5000 	0.000000000000000009387391023900 
77.0000 	0.000000000000000002689532558400 
77.5000 	0.000000000000000000770563979280 
78.0000 	0.000000000000000000220770276350 
78.5000 	0.000000000000000000063251743179 
79.0000 	0.000000000000000000018121927830 
79.5000 	0.000000000000000000005192019252 
80.0000 	0.000000000000000000001487538421 
80.5000 	0.000000000000000000000426186893 
81.0000 	0.000000000000000000000122104589 
81.5000 	0.000000000000000000000034983551 
82.0000 	0.000000000000000000000010022955 
82.5000 	0.000000000000000000000002871625 
83.0000 	0.000000000000000000000000822734 
83.5000 	0.000000000000000000000000235717 
84.0000 	0.000000000000000000000000067534 
84.5000 	0.000000000000000000000000019349 
85.0000 	0.000000000000000000000000005544 
85.5000 	0.000000000000000000000000001588 
86.0000 	0.000000000000000000000000000455 
86.5000 	0.000000000000000000000000000130 
87.0000 	0.000000000000000000000000000037 
87.5000 	0.000000000000000000000000000011 
88.0000 	0.000000000000000000000000000003 
88.5000 	0.000000000000000000000000000000 
89.0000 	0.000000000000000000000000000000 
400.0000 	0.000000000000000000000000000000 