0.0000 	0.000000000000000000000000000000 
0.5000 	0.000000000000000000000000000000 
1.0000 	0.000000000000000000000000000000 
1.5000 	0.000000000000000000000000000000 
2.0000 	0.000000000000000000000000000000 
2.5000 	0.000000000000000000000000000000 
3.0000 	0.000000000000000000000000000000 
3.5000 	0.000000000000000000000000000000 
4.0000 	0.000000000000000000000000000000 
4.5000 	0.000000000000000000000000000000 
5.0000 	0.000000000000000000000000000000 
5.5000 	0.000000000000000000000000000000 
6.0000 	0.000000000000000000000000000000 
6.5000 	0.000000000000000000000000000000 
7.0000 	0.000000000000000000000000000000 
7.5000 	0.000000000000000000000000000000 
8.0000 	0.000000000000000000000000000000 
8.5000 	0.000000000000000000000000000000 
9.0000 	0.000000000000000000000000000000 
9.5000 	0.000000000000000000000000000000 
10.0000 	0.000000000000000000000000000000 
10.5000 	0.000000000000000000000000000000 
11.0000 	0.000000000000000000000000000000 
11.5000 	0.000000000000000000000000000000 
12.0000 	0.000000000000000000000000000000 
12.5000 	0.000000000000000000000000000000 
13.0000 	0.000000000000000000000000000000 
13.5000 	0.000000000000000000000000000000 
14.0000 	0.000000000000000000000000000000 
14.5000 	0.000000000000000000000000000000 
15.0000 	0.000000000000000000000000000000 
15.5000 	0.000000000000000000000000000000 
16.0000 	0.000000000000000000000000000000 
16.5000 	0.000000000000000000000000000000 
17.0000 	0.000000000000000000000000000000 
17.5000 	0.000000000000000000000000000000 
18.0000 	0.000000000000000000000000000000 
18.5000 	0.000000000000000000000000000000 
19.0000 	0.000000000000000000000000000000 
19.5000 	0.000000000000000000000000000000 
20.0000 	0.000000000000000000000000000000 
20.5000 	0.000000000000000000000000000000 
21.0000 	0.000000000000000000000000000000 
21.5000 	0.000000000000000000000000000000 
22.0000 	0.000000000000000000000000000000 
22.5000 	0.000000000000000000000000000000 
23.0000 	0.000000000000000000000000000000 
23.5000 	0.000000000000000000000000000000 
24.0000 	0.000000000000000000000000000000 
24.5000 	0.000000000000000000000000000000 
25.0000 	0.000000000000000000000000000000 
25.5000 	0.000000000000000000000000000000 
26.0000 	0.000000000000000000000000000000 
26.5000 	0.000000000000000000000000000000 
27.0000 	0.000000000000000000000000000000 
27.5000 	0.000000000000000000000000000000 
28.0000 	0.000000000000000000000000000000 
28.5000 	0.000000000000000000000000000000 
29.0000 	0.000000000000000000000000000000 
29.5000 	0.000000000000000000000000000000 
30.0000 	0.000000000000000000000000000000 
30.5000 	0.000000000000000000000000000000 
31.0000 	0.000000000000000000000000000000 
31.5000 	0.000000000000000000000000000000 
32.0000 	0.000000000000000000000000000000 
32.5000 	0.000000000000000000000000000000 
33.0000 	0.000000000000000000000000000000 
33.5000 	0.000000000000000000000000000000 
34.0000 	0.000000000000000000000000000000 
34.5000 	0.000000000000000000000000000000 
35.0000 	0.000000000000000000000000000000 
35.5000 	0.000000000000000000000000000000 
36.0000 	0.000000000000000000000000000000 
36.5000 	0.000000000000000000000000000000 
37.0000 	0.000000000000000000000000000000 
37.5000 	0.000000000000000000000000000000 
38.0000 	0.000000000000000000000000000000 
38.5000 	0.000000000000000000000000000000 
39.0000 	0.000000000000000000000000000000 
39.5000 	0.000000000000000000000000000000 
40.0000 	0.000000000000000000000000000000 
40.5000 	0.000000000000000000000000000000 
41.0000 	0.000000000000000000000000000000 
41.5000 	0.000000000000000000000000000000 
42.0000 	0.000000000000000000000000000000 
42.5000 	0.000000000000000000000000000000 
43.0000 	0.000000000000000000000000000000 
43.5000 	0.000000000000000000000000000000 
44.0000 	0.000000000000000000000000000000 
44.5000 	0.000000000000000000000000000000 
45.0000 	0.000000000000000000000000000000 
45.5000 	0.000000000000000000000000000000 
46.0000 	0.000000000000000000000000000000 
46.5000 	0.000000000000000000000000000000 
47.0000 	0.000000000000000000000000000000 
47.5000 	0.000000000000000000000000000000 
48.0000 	0.000000000000077700708383000000 
48.5000 	0.000000000000394255026740000000 
49.0000 	0.000000000001201553467400000000 
49.5000 	0.000000000002850780036400000000 
50.0000 	0.000000000005801914741500000000 
50.5000 	0.000000000010633806933000000000 
51.0000 	0.000000000018054401943000000000 
51.5000 	0.000000000028755272080000000000 
52.0000 	0.000000000043409287282000000000 
52.5000 	0.000000000062663991416000000000 
53.0000 	0.000000000087130754704000000000 
53.5000 	0.000000000117155144450000000000 
54.0000 	0.000000000152781777890000000000 
54.5000 	0.000000000193718090800000000000 
55.0000 	0.000000000239376162240000000000 
55.5000 	0.000000000288844422360000000000 
56.0000 	0.000000000340864197390000000000 
56.5000 	0.000000000393812249240000000000 
57.0000 	0.000000000446119862290000000000 
57.5000 	0.000000000496303487490000000000 
58.0000 	0.000000000542999671370000000000 
58.5000 	0.000000000585002998920000000000 
59.0000 	0.000000000621428458060000000000 
59.5000 	0.000000000651748860960000000000 
60.0000 	0.000000000675828545400000000000 
60.5000 	0.000000000693737214330000000000 
61.0000 	0.000000000705755590200000000000 
61.5000 	0.000000000712375771840000000000 
62.0000 	0.000000000714296272180000000000 
62.5000 	0.000000000712166303820000000000 
63.0000 	0.000000000706575446520000000000 
63.5000 	0.000000000698043752900000000000 
64.0000 	0.000000000687012700380000000000 
64.5000 	0.000000000673837356900000000000 
65.0000 	0.000000000658780076880000000000 
65.5000 	0.000000000642005982770000000000 
66.0000 	0.000000000623703207130000000000 
66.5000 	0.000000000604080092690000000000 
67.0000 	0.000000000583362085320000000000 
67.5000 	0.000000000561788369970000000000 
68.0000 	0.000000000539608304000000000000 
68.5000 	0.000000000517077705400000000000 
69.0000 	0.000000000494455055860000000000 
69.5000 	0.000000000471997679790000000000 
70.0000 	0.000000000449957960690000000000 
70.5000 	0.000000000428579655500000000000 
71.0000 	0.000000000408094365760000000000 
71.5000 	0.000000000388718221630000000000 
72.0000 	0.000000000370862388300000000000 
72.5000 	0.000000000354812472170000000000 
73.0000 	0.000000000340787743200000000000 
73.5000 	0.000000000328940137610000000000 
74.0000 	0.000000000319354269510000000000 
74.5000 	0.000000000312048439050000000000 
75.0000 	0.000000000306976608790000000000 
75.5000 	0.000000000303604190170000000000 
76.0000 	0.000000000301547522610000000000 
76.5000 	0.000000000300455225740000000000 
77.0000 	0.000000000300011484520000000000 
77.5000 	0.000000000299938775510000000000 
78.0000 	0.000000000300000000000000000000 
78.5000 	0.000000000300000000000000000000 
79.0000 	0.000000000300000000000000000000 
79.5000 	0.000000000300000000000000000000 
80.0000 	0.000000000300000000000000000000 
80.5000 	0.000000000300000000000000000000 
81.0000 	0.000000000300000000000000000000 
81.5000 	0.000000000300000000000000000000 
82.0000 	0.000000000300000000000000000000 
82.5000 	0.000000000300000000000000000000 
83.0000 	0.000000000300000000000000000000 
83.5000 	0.000000000300000000000000000000 
84.0000 	0.000000000300000000000000000000 
84.5000 	0.000000000300000000000000000000 
85.0000 	0.000000000300000000000000000000 
85.5000 	0.000000000300000000000000000000 
86.0000 	0.000000000300000000000000000000 
86.5000 	0.000000000300000000000000000000 
87.0000 	0.000000000300000000000000000000 
87.5000 	0.000000000300000000000000000000 
88.0000 	0.000000000300000000000000000000 
88.5000 	0.000000000300000000000000000000 
89.0000 	0.000000000300000000000000000000 
400.0000 	0.000000000300000000000000000000 