0.0000	0.337917000000000000000000000000
0.2000	0.338626000000000000000000000000
0.4000	0.339442000000000000000000000000
0.6000	0.340365000000000000000000000000
0.8000	0.341395000000000000000000000000
1.0000	0.342532000000000000000000000000
1.2000	0.343775000000000000000000000000
1.4000	0.345125000000000000000000000000
1.6000	0.346582000000000000000000000000
1.8000	0.348146000000000000000000000000
2.0000	0.349816000000000000000000000000
2.2000	0.351667000000000000000000000000
2.4000	0.353477000000000000000000000000
2.6000	0.355424000000000000000000000000
2.8000	0.357503000000000000000000000000
3.0000	0.359709000000000000000000000000
3.2000	0.362037000000000000000000000000
3.4000	0.364481000000000000000000000000
3.6000	0.367035000000000000000000000000
3.8000	0.369695000000000000000000000000
4.0000	0.372457000000000000000000000000
4.2000	0.375312000000000000000000000000
4.4000	0.378254000000000000000000000000
4.6000	0.381276000000000000000000000000
4.8000	0.384377000000000000000000000000
5.0000	0.387548000000000000000000000000
5.2000	0.390784000000000000000000000000
5.4000	0.394078000000000000000000000000
5.6000	0.397427000000000000000000000000
5.8000	0.400823000000000000000000000000
6.0000	0.404262000000000000000000000000
6.2000	0.407740000000000000000000000000
6.4000	0.411251000000000000000000000000
6.6000	0.414789000000000000000000000000
6.8000	0.418350000000000000000000000000
7.0000	0.421930000000000000000000000000
7.2000	0.425524000000000000000000000000
7.4000	0.429127000000000000000000000000
7.6000	0.432737000000000000000000000000
7.8000	0.436348000000000000000000000000
8.0000	0.439956000000000000000000000000
8.2000	0.443559000000000000000000000000
8.4000	0.447153000000000000000000000000
8.6000	0.450733000000000000000000000000
8.8000	0.454298000000000000000000000000
9.0000	0.457845000000000000000000000000
9.2000	0.461368000000000000000000000000
9.4000	0.464866000000000000000000000000
9.6000	0.468338000000000000000000000000
9.8000	0.471780000000000000000000000000
10.0000	0.475188000000000000000000000000
10.2000	0.478563000000000000000000000000
10.4000	0.481901000000000000000000000000
10.6000	0.485200000000000000000000000000
10.8000	0.488459000000000000000000000000
11.0000	0.491676000000000000000000000000
11.2000	0.494848000000000000000000000000
11.4000	0.497975000000000000000000000000
11.6000	0.501192000000000000000000000000
11.8000	0.503865000000000000000000000000
12.0000	0.506188000000000000000000000000
12.2000	0.508279000000000000000000000000
12.4000	0.510204000000000000000000000000
12.6000	0.512004000000000000000000000000
12.8000	0.513706000000000000000000000000
13.0000	0.515332000000000000000000000000
13.2000	0.516894000000000000000000000000
13.4000	0.518404000000000000000000000000
13.6000	0.519870000000000000000000000000
13.8000	0.521298000000000000000000000000
14.0000	0.522695000000000000000000000000
14.2000	0.524063000000000000000000000000
14.4000	0.525408000000000000000000000000
14.6000	0.526731000000000000000000000000
14.8000	0.528036000000000000000000000000
15.0000	0.529324000000000000000000000000
15.2000	0.530598000000000000000000000000
15.4000	0.531858000000000000000000000000
15.6000	0.533108000000000000000000000000
15.8000	0.534347000000000000000000000000
16.0000	0.535575000000000000000000000000
16.2000	0.536796000000000000000000000000
16.4000	0.538009000000000000000000000000
16.6000	0.539215000000000000000000000000
16.8000	0.540414000000000000000000000000
17.0000	0.541608000000000000000000000000
17.2000	0.542796000000000000000000000000
17.4000	0.543979000000000000000000000000
17.6000	0.545158000000000000000000000000
17.8000	0.546334000000000000000000000000
18.0000	0.547504000000000000000000000000
18.2000	0.548672000000000000000000000000
18.4000	0.549837000000000000000000000000
18.6000	0.550999000000000000000000000000
18.8000	0.552158000000000000000000000000
19.0000	0.553315000000000000000000000000
19.2000	0.554469000000000000000000000000
19.4000	0.555621000000000000000000000000
19.6000	0.556772000000000000000000000000
19.8000	0.557920000000000000000000000000
20.0000	0.559067000000000000000000000000
20.2000	0.560212000000000000000000000000
20.4000	0.561356000000000000000000000000
20.6000	0.562498000000000000000000000000
20.8000	0.563639000000000000000000000000
21.0000	0.564780000000000000000000000000
21.2000	0.565918000000000000000000000000
21.4000	0.567056000000000000000000000000
21.6000	0.568193000000000000000000000000
21.8000	0.569329000000000000000000000000
22.0000	0.570464000000000000000000000000
22.2000	0.571599000000000000000000000000
22.4000	0.572732000000000000000000000000
22.6000	0.573865000000000000000000000000
22.8000	0.574998000000000000000000000000
23.0000	0.576129000000000000000000000000
23.2000	0.577260000000000000000000000000
23.4000	0.578390000000000000000000000000
23.6000	0.579520000000000000000000000000
23.8000	0.580649000000000000000000000000
24.0000	0.581779000000000000000000000000
24.2000	0.582907000000000000000000000000
24.4000	0.584035000000000000000000000000
24.6000	0.585163000000000000000000000000
24.8000	0.586289000000000000000000000000
25.0000	0.587416000000000000000000000000
25.2000	0.588543000000000000000000000000
25.4000	0.589669000000000000000000000000
25.6000	0.590794000000000000000000000000
25.8000	0.591919000000000000000000000000
26.0000	0.593045000000000000000000000000
26.2000	0.594169000000000000000000000000
26.4000	0.595294000000000000000000000000
26.6000	0.596418000000000000000000000000
26.8000	0.597541000000000000000000000000
27.0000	0.598665000000000000000000000000
27.2000	0.599787000000000000000000000000
27.4000	0.600910000000000000000000000000
27.6000	0.602033000000000000000000000000
27.8000	0.603155000000000000000000000000
28.0000	0.604276000000000000000000000000
28.2000	0.605397000000000000000000000000
28.4000	0.606519000000000000000000000000
28.6000	0.607640000000000000000000000000
28.8000	0.608760000000000000000000000000
29.0000	0.609880000000000000000000000000
29.2000	0.611001000000000000000000000000
29.4000	0.612120000000000000000000000000
29.6000	0.613240000000000000000000000000
29.8000	0.614358000000000000000000000000
30.0000	0.615477000000000000000000000000
30.2000	0.616595000000000000000000000000
30.4000	0.617713000000000000000000000000
30.6000	0.618831000000000000000000000000
30.8000	0.619948000000000000000000000000
31.0000	0.621065000000000000000000000000
31.2000	0.622181000000000000000000000000
31.4000	0.623298000000000000000000000000
31.6000	0.624414000000000000000000000000
31.8000	0.625529000000000000000000000000
32.0000	0.626645000000000000000000000000
32.2000	0.627759000000000000000000000000
32.4000	0.628874000000000000000000000000
32.6000	0.629988000000000000000000000000
32.8000	0.631102000000000000000000000000
33.0000	0.632215000000000000000000000000
33.2000	0.633328000000000000000000000000
33.4000	0.634440000000000000000000000000
33.6000	0.635553000000000000000000000000
33.8000	0.636664000000000000000000000000
34.0000	0.637775000000000000000000000000
34.2000	0.638887000000000000000000000000
34.4000	0.639997000000000000000000000000
34.6000	0.641107000000000000000000000000
34.8000	0.642217000000000000000000000000
35.0000	0.643325000000000000000000000000
35.2000	0.644434000000000000000000000000
35.4000	0.645542000000000000000000000000
35.6000	0.646650000000000000000000000000
35.8000	0.647757000000000000000000000000
36.0000	0.648864000000000000000000000000
36.2000	0.649970000000000000000000000000
36.4000	0.651076000000000000000000000000
36.6000	0.652181000000000000000000000000
36.8000	0.653286000000000000000000000000
37.0000	0.654390000000000000000000000000
37.2000	0.655494000000000000000000000000
37.4000	0.656598000000000000000000000000
37.6000	0.657699000000000000000000000000
37.8000	0.658802000000000000000000000000
38.0000	0.659904000000000000000000000000
38.2000	0.661004000000000000000000000000
38.4000	0.662105000000000000000000000000
38.6000	0.663205000000000000000000000000
38.8000	0.664305000000000000000000000000
39.0000	0.665403000000000000000000000000
39.2000	0.666501000000000000000000000000
39.4000	0.667599000000000000000000000000
39.6000	0.668695000000000000000000000000
39.8000	0.669792000000000000000000000000
40.0000	0.670888000000000000000000000000
40.2000	0.671983000000000000000000000000
40.4000	0.673078000000000000000000000000
40.6000	0.674171000000000000000000000000
40.8000	0.675264000000000000000000000000
41.0000	0.676357000000000000000000000000
41.2000	0.677449000000000000000000000000
41.4000	0.678541000000000000000000000000
41.6000	0.679631000000000000000000000000
41.8000	0.680721000000000000000000000000
42.0000	0.681810000000000000000000000000
42.2000	0.682899000000000000000000000000
42.4000	0.683987000000000000000000000000
42.6000	0.685074000000000000000000000000
42.8000	0.686161000000000000000000000000
43.0000	0.687246000000000000000000000000
43.2000	0.688332000000000000000000000000
43.4000	0.689416000000000000000000000000
43.6000	0.690500000000000000000000000000
43.8000	0.691582000000000000000000000000
44.0000	0.692664000000000000000000000000
44.2000	0.693745000000000000000000000000
44.4000	0.694827000000000000000000000000
44.6000	0.695906000000000000000000000000
44.8000	0.696985000000000000000000000000
45.0000	0.698063000000000000000000000000
45.2000	0.699141000000000000000000000000
45.4000	0.700218000000000000000000000000
45.6000	0.701294000000000000000000000000
45.8000	0.702369000000000000000000000000
46.0000	0.703443000000000000000000000000
46.2000	0.704516000000000000000000000000
46.4000	0.705590000000000000000000000000
46.6000	0.706661000000000000000000000000
46.8000	0.707732000000000000000000000000
47.0000	0.708802000000000000000000000000
47.2000	0.709872000000000000000000000000
47.4000	0.710940000000000000000000000000
47.6000	0.712008000000000000000000000000
47.8000	0.713075000000000000000000000000
48.0000	0.714141000000000000000000000000
48.2000	0.715206000000000000000000000000
48.4000	0.716270000000000000000000000000
48.6000	0.717333000000000000000000000000
48.8000	0.718396000000000000000000000000
49.0000	0.719457000000000000000000000000
49.2000	0.720517000000000000000000000000
49.4000	0.721578000000000000000000000000
49.6000	0.722636000000000000000000000000
49.8000	0.723694000000000000000000000000
50.0000	0.724751000000000000000000000000
50.2000	0.725807000000000000000000000000
50.4000	0.726862000000000000000000000000
50.6000	0.727916000000000000000000000000
50.8000	0.728969000000000000000000000000
51.0000	0.730021000000000000000000000000
51.2000	0.731072000000000000000000000000
51.4000	0.732122000000000000000000000000
51.6000	0.733172000000000000000000000000
51.8000	0.734220000000000000000000000000
52.0000	0.735267000000000000000000000000
52.2000	0.736314000000000000000000000000
52.4000	0.737359000000000000000000000000
52.6000	0.738404000000000000000000000000
52.8000	0.739447000000000000000000000000
53.0000	0.740489000000000000000000000000
53.2000	0.741531000000000000000000000000
53.4000	0.742571000000000000000000000000
53.6000	0.743610000000000000000000000000
53.8000	0.744648000000000000000000000000
54.0000	0.745685000000000000000000000000
54.2000	0.746722000000000000000000000000
54.4000	0.747756000000000000000000000000
54.6000	0.748790000000000000000000000000
54.8000	0.749823000000000000000000000000
55.0000	0.750855000000000000000000000000
55.2000	0.751886000000000000000000000000
55.4000	0.752916000000000000000000000000
55.6000	0.753945000000000000000000000000
55.8000	0.754972000000000000000000000000
56.0000	0.755998000000000000000000000000
56.2000	0.757024000000000000000000000000
56.4000	0.758048000000000000000000000000
56.6000	0.759072000000000000000000000000
56.8000	0.760094000000000000000000000000
57.0000	0.761115000000000000000000000000
57.2000	0.762134000000000000000000000000
57.4000	0.763153000000000000000000000000
57.6000	0.764171000000000000000000000000
57.8000	0.765187000000000000000000000000
58.0000	0.766202000000000000000000000000
58.2000	0.767216000000000000000000000000
58.4000	0.768230000000000000000000000000
58.6000	0.769241000000000000000000000000
58.8000	0.770252000000000000000000000000
59.0000	0.771262000000000000000000000000
59.2000	0.772270000000000000000000000000
59.4000	0.773277000000000000000000000000
59.6000	0.774283000000000000000000000000
59.8000	0.775288000000000000000000000000
60.0000	0.776291000000000000000000000000
60.2000	0.777295000000000000000000000000
60.4000	0.778296000000000000000000000000
60.6000	0.779296000000000000000000000000
60.8000	0.780294000000000000000000000000
61.0000	0.781292000000000000000000000000
61.2000	0.782288000000000000000000000000
61.4000	0.783284000000000000000000000000
61.6000	0.784277000000000000000000000000
61.8000	0.785270000000000000000000000000
62.0000	0.786262000000000000000000000000
62.2000	0.787252000000000000000000000000
62.4000	0.788241000000000000000000000000
62.6000	0.789229000000000000000000000000
62.8000	0.790215000000000000000000000000
63.0000	0.791200000000000000000000000000
63.2000	0.792185000000000000000000000000
63.4000	0.793168000000000000000000000000
63.6000	0.794149000000000000000000000000
63.8000	0.795129000000000000000000000000
64.0000	0.796108000000000000000000000000
64.2000	0.797086000000000000000000000000
64.4000	0.798062000000000000000000000000
64.6000	0.799037000000000000000000000000
64.8000	0.800011000000000000000000000000
65.0000	0.800984000000000000000000000000
65.2000	0.801955000000000000000000000000
65.4000	0.802925000000000000000000000000
65.6000	0.803893000000000000000000000000
65.8000	0.804861000000000000000000000000
66.0000	0.805826000000000000000000000000
66.2000	0.806791000000000000000000000000
66.4000	0.807754000000000000000000000000
66.6000	0.808716000000000000000000000000
66.8000	0.809677000000000000000000000000
67.0000	0.810637000000000000000000000000
67.2000	0.811595000000000000000000000000
67.4000	0.812551000000000000000000000000
67.6000	0.813507000000000000000000000000
67.8000	0.814460000000000000000000000000
68.0000	0.815413000000000000000000000000
68.2000	0.816365000000000000000000000000
68.4000	0.817314000000000000000000000000
68.6000	0.818263000000000000000000000000
68.8000	0.819210000000000000000000000000
69.0000	0.820156000000000000000000000000
69.2000	0.821101000000000000000000000000
69.4000	0.822044000000000000000000000000
69.6000	0.822985000000000000000000000000
69.8000	0.823926000000000000000000000000
70.0000	0.824865000000000000000000000000
70.2000	0.825802000000000000000000000000
70.4000	0.826739000000000000000000000000
70.6000	0.827673000000000000000000000000
70.8000	0.828607000000000000000000000000
71.0000	0.829539000000000000000000000000
71.2000	0.830469000000000000000000000000
71.4000	0.831398000000000000000000000000
71.6000	0.832326000000000000000000000000
71.8000	0.833253000000000000000000000000
72.0000	0.834178000000000000000000000000
72.2000	0.835102000000000000000000000000
72.4000	0.836023000000000000000000000000
72.6000	0.836944000000000000000000000000
72.8000	0.837863000000000000000000000000
73.0000	0.838781000000000000000000000000
73.2000	0.839698000000000000000000000000
73.4000	0.840613000000000000000000000000
73.6000	0.841526000000000000000000000000
73.8000	0.842438000000000000000000000000
74.0000	0.843349000000000000000000000000
74.2000	0.844259000000000000000000000000
74.4000	0.845166000000000000000000000000
74.6000	0.846072000000000000000000000000
74.8000	0.846977000000000000000000000000
75.0000	0.847881000000000000000000000000
75.2000	0.848667000000000000000000000000
75.4000	0.849289000000000000000000000000
75.6000	0.849907000000000000000000000000
75.8000	0.850520000000000000000000000000
76.0000	0.851127000000000000000000000000
76.2000	0.851732000000000000000000000000
76.4000	0.852332000000000000000000000000
76.6000	0.852926000000000000000000000000
76.8000	0.853517000000000000000000000000
77.0000	0.854103000000000000000000000000
77.2000	0.854685000000000000000000000000
77.4000	0.855262000000000000000000000000
77.6000	0.855835000000000000000000000000
77.8000	0.856403000000000000000000000000
400.0000	0.917000000000000000000000000000