1.00235400349683e-61
2.10932312458016e-48
4.73835476148161e-41
3.33353636552529e-36
1.18674494008935e-32
7.04672872006589e-30
1.28503711360558e-27
1.01973841451644e-25
4.36557434069678e-24
1.16110652266339e-22
2.11540737319684e-21
2.83276921102821e-20
2.93872421951599e-19
2.45891858390353e-18
1.71274974444368e-17
1.01853320297064e-16
5.27825870434170e-16
2.42418312413173e-15
1.00068219494707e-14
3.75671058177062e-14
1.29552363819675e-13
4.13924958625506e-13
1.23432871190873e-12
3.45731450598976e-12
9.14650033580288e-12
2.29661960672873e-11
5.49665908892709e-11
1.25871484681049e-10
2.76716367932223e-10
5.85766075177044e-10
1.19718904477934e-09
2.36810006403996e-09
4.54342476702882e-09
8.47169179744721e-09
1.53793957441220e-08
2.72270191841938e-08
4.70761106878469e-08
7.96038581870434e-08
1.31809148029483e-07
2.13961832001810e-07
3.40854411744741e-07
5.33422080532302e-07
8.20802460995803e-07
1.24290983605896e-06
1.85359958623287e-06
2.72449636350975e-06
3.94955378316523e-06
5.65040375932562e-06
7.98253986603628e-06
1.11423612704306e-05
1.53750820415922e-05
2.09834853496103e-05
2.83374737608706e-05
3.78843361643103e-05
5.01596195594015e-05
6.57984607807038e-05
8.55472000427903e-05
0.000110275065696293
0.000140985688401823
0.000178828173801954
0.000225107436435807
0.000281293474189895
0.000349029242563549
0.000430136773657986
0.000526621176003024
0.000640672145744842
0.000774662624279107
0.000931144259211096
0.00111283934682466
0.00132262895502057
0.00156353698761177
0.00183871000058083
0.00215139253043743
0.00250489773471699
0.00290257331062478
0.00334776238995056
0.00384375875578783
0.00439375638150038
0.00500079316722631
0.00566768658801500
0.00639696017377025
0.00719076312719923
0.00805077952835293
0.00897812025762030
0.00997320707966010
0.0110356563666887
0.0121641409140912
0.0133562384905668
0.0146083208930515
0.0159154583550007
0.0172712882125395
0.0186679669093108
0.0200962682986917
0.0215456277450525
0.0230041770909876
0.0244590874097838
0.0258969781100639
0.0273040185322067
0.0286662406948148
0.0299702728793401
0.0312036126432490
0.0323545249420175
0.0334126044720715
0.0343693811203921
0.0352179511492466
0.0359528015585166
0.0365704666674696
0.0370694928276193
0.0374496524462258
0.0377120384764418
0.0378595035750885
0.0378960633213950
0.0378263039086699
0.0376557227026317
0.0373907592101738
0.0370380942556837
0.0366044790780848
0.0360970738382213
0.0355232163309299
0.0348899359356668
0.0342040498164765
0.0334723703193895
0.0327014297086357
0.0318972516496313
0.0310655483547334
0.0302118224631304
0.0293411504617932
0.0284581183796170
0.0275670138875362
0.0266718606554929
0.0257762673023054
0.0248834382717663
0.0239963288570659
0.0231176468821002
0.0222497501838910
0.0213946842584031
0.0205543021625223
0.0197302529481493
0.0189239081871212
0.0181364053621752
0.0173687440196377
0.0166217693148274
0.0158961132149981
0.0151922370719988
0.0145105143688228
0.0138512109722465
0.0132144312533489
0.0126001599408198
0.0120083371570410
0.0114388344371276
0.0108914024342696
0.0103657164766614
0.00986143755668290
0.00937818486239284
0.00891549400306924
0.00847286060482644
0.00804978682312385
0.00764575134455736
0.00726017777655930
0.00689247824426054
0.00654208529306311
0.00620841835436081
0.00589086313272280
0.00558881604589590
0.00530170139014896
0.00502893461475673
0.00476991345154110
0.00452406295589525
0.00429083817591236
0.00406968536903174
0.00386004519550287
0.00366139755086348
0.00347325046262792
0.00329510051869741
0.00312644786889804
0.00296683998064506
0.00281584792162959
0.00267302778714340
0.00253795050804162
0.00241023020891595
0.00228949681597745
0.00217537063198081
0.00206749388289107
0.00196554451248421
0.00186920841161453
0.00177816734626812
0.00169212986726719
0.00161083228259939
0.00153401121917574
0.00146140383582549
0.00139277781751601
0.00132792069349885
0.00126661302659437
0.00120864011702004
0.00115382096183159
0.00110198668924444
0.00105295563375118
0.00100655833842189
0.000962652281146115
0.000921099347876764
0.000881752551540993
0.000844481542596753
0.000809175212151514
0.000775719646771700
0.000743996892622167
0.000713909530016599
0.000685371772557897
0.000658288314806743
0.000632564922490753
0.000608131680581159
0.000584922721360237
0.000562857936025729
0.000541866295835081
0.000521894878437568
0.000502888307267413
0.000484782123672534
0.000467525752731901
0.000451079102776641
0.000435393647043258
0.000420418204809092
0.000406119574463015
0.000392467122922069
0.000379417397349924
0.000366932071457660
0.000354989120307847
0.000343562314990886
0.000332614823986832
0.000322121426172828
0.000312065239364556
0.000302420355464239
0.000293158059222254
0.000284264792815847
0.000275726836198809
0.000267518507327758
0.000259619648061316
0.000252023169903581
0.000244715299626552
0.000237673750002498
0.000230887591322504
0.000224350368236426
0.000218045783191623
0.000211957739401414
0.000206083487024444
0.000200415996726933
0.000194938234526654
0.000189641111445260
0.000184523232233946
0.000179574906105540
0.000174783084662455
0.000170145344212780
0.000165658373476929
0.000161309954502809
0.000157092643621404
0.000153008316597369
0.000149051075579165
0.000145209875251240
0.000141482695449890
0.000137868648894757
0.000134358934121948
0.000130947695578976
0.000127637354939036
0.000124423986372912
0.000121298896606836
0.000118260674570547
0.000115309845580502
0.000112439840795897
0.000109646085693527
0.000106930699931396
0.000104290869556767
0.000101719836848257
9.92169029611079e-05
9.67832569325200e-05
9.44134787140838e-05
9.21041040078396e-05
8.98572274892207e-05
8.76705185917093e-05
8.55384834295148e-05
8.34611462923185e-05
8.14398039470365e-05
7.94695587746919e-05
7.75480374179960e-05
7.56774457894016e-05
7.38554438471928e-05
7.20775390113948e-05
7.03444155982780e-05
6.86570334192949e-05
6.70107271298903e-05
6.54043031149687e-05
6.38400912333914e-05
6.23153630385787e-05
6.08266367487786e-05
5.93751333350934e-05
5.79611202379260e-05
5.65801025842472e-05
5.52321889467633e-05
5.39197660524016e-05
5.26394410590436e-05
5.13888771966897e-05
5.01696704279242e-05
4.89811394021045e-05
4.78195069347764e-05
4.66858097997180e-05
4.55817410507375e-05
4.45035442061537e-05
4.34503662591901e-05
4.24240012353305e-05
4.14226256293393e-05
4.04437763806831e-05
3.94888676161775e-05
3.85582089011960e-05
3.76481558118647e-05
3.67595781581853e-05
3.58943026932401e-05
3.50491817898702e-05
3.42232559803479e-05
3.34181313321746e-05
3.26326010892108e-05
3.18643068960567e-05
3.11147314248084e-05
3.03843695556028e-05
2.96698547861407e-05
2.89721646715702e-05
2.82928670728433e-05
2.76290505162313e-05
2.69801951497950e-05
2.63478545516893e-05
2.57306889563935e-05
2.51268613133959e-05
2.45379647082489e-05
2.39640483713499e-05
2.34019537027619e-05
2.28533927616459e-05
2.23196612207932e-05
2.17974071371474e-05
2.12870806508558e-05
2.07901045423675e-05
2.03044292921284e-05
1.98293241500114e-05
1.93663391205856e-05
1.89145602083052e-05
1.84720907868696e-05
1.80406597019012e-05
1.76203629167482e-05
1.72082096894233e-05
1.68061218424054e-05
1.64150711434719e-05
1.60318389826886e-05
1.56574458556324e-05
1.52930706335264e-05
1.49364429351539e-05
1.45876205285278e-05
1.42479619045233e-05
1.39160089078771e-05
1.35909117447985e-05
1.32742247817008e-05
1.29651955756982e-05
1.26621433483853e-05
1.23668286111656e-05
1.20791064549541e-05
1.17965524027985e-05
1.15211329950737e-05
1.12532177453106e-05
1.09899590912121e-05
1.07331535090793e-05
1.04834754154348e-05
1.02382845207361e-05
9.99883796481971e-06
9.76595907586919e-06
9.53749994980768e-06
9.31417124727663e-06
9.09691657713374e-06
8.88399763065983e-06
8.67566438422784e-06
8.47295962902450e-06
8.27448251006224e-06
8.08011149089349e-06
7.89096351150320e-06
7.70590962351214e-06
7.52454591057550e-06
7.34803549296004e-06
7.17546097139810e-06
7.00622145499708e-06
6.84149684027080e-06
6.68052693642007e-06
6.52259427147417e-06
6.36886690641436e-06
6.21869294326061e-06
6.07131093166569e-06
5.92785053110667e-06
5.78772511561354e-06
5.65019355003305e-06
5.51632402123747e-06
5.38555748796910e-06
5.25722790811756e-06
5.13232278986919e-06
5.01027826005362e-06
4.89054923902277e-06
4.77402749432532e-06
4.66011654831622e-06
4.54842962860358e-06
4.43975136832364e-06
4.33342916206225e-06
4.22926468091056e-06
4.12792718895716e-06
4.02868810744916e-06
3.93156158273733e-06
3.83709564077961e-06
3.74446911488580e-06
3.65392780832252e-06
3.56589436678600e-06
3.47944127487843e-06
3.39506122537525e-06
3.31304847378533e-06
3.23235799781774e-06
3.15374143877722e-06
3.07736245463985e-06
3.00217789905854e-06
2.92898039910838e-06
2.85775886110784e-06
2.78775378459439e-06
2.71962599229791e-06
2.65316601544274e-06
2.58816457454625e-06
2.52536851730323e-06
2.46425760641600e-06
2.41195127681504e-06
2.37421893323209e-06
2.34455011671741e-06
2.33249613890152e-06
2.34204023807916e-06
2.35939884352110e-06
2.37852108897485e-06
2.39808154101073e-06
2.41432899295013e-06
2.41801266243069e-06
2.41189075822490e-06
2.39814105662539e-06
2.37349344966997e-06
2.34341750138256e-06
2.30612976237499e-06
2.26114689683143e-06
2.21323682758623e-06
2.16064623947965e-06
2.10433599878712e-06
2.04600092790219e-06
1.98520645311451e-06
1.92317264680053e-06
1.86022561765586e-06
1.79650926701580e-06
1.73278970250212e-06
1.66938207424305e-06
1.60622351941253e-06
1.54398462703931e-06
1.48288357793014e-06
1.42260465518795e-06
1.36387485083489e-06
1.30629008654459e-06
1.25033215025994e-06
1.19624348837721e-06
1.14338983803197e-06
1.09247857338346e-06
1.04287105362477e-06
9.95238484957639e-07
9.49613459200194e-07
9.05341849266605e-07
8.63003070228352e-07
8.22011099299580e-07
7.82854257308507e-07
7.45140190216986e-07
7.09053141201288e-07
6.74686064350283e-07
6.41545039203884e-07
6.09983797694724e-07
5.79618841922702e-07
5.50705963275888e-07
5.22952192993920e-07
4.96527185589457e-07
4.71227364684523e-07
4.47125284797068e-07
4.24226204165379e-07
4.02282910871854e-07
3.81426512596761e-07
3.61471641729949e-07
3.42498737038177e-07
3.24378148008897e-07
3.07143618760719e-07
2.90721669626848e-07
2.75103395619425e-07
2.60261321050059e-07
2.46154740257687e-07
2.32759974072572e-07
2.20031323605596e-07
2.07852883904458e-07
1.96245366623771e-07
1.84892592458574e-07
1.73958306870503e-07
1.63459041191416e-07
1.53096388455509e-07
1.44330441043117e-07
1.32934318997080e-07
1.15661621613583e-07
5.35346244001644e-08
1.64455382645201e-09
2.34017427658273e-09
2.22112905845506e-09
1.99764449426709e-09
1.78003867201681e-09
1.58569768426986e-09
1.41481615312244e-09
1.26464150262962e-09
1.13231801712743e-09
1.01538322194727e-09
9.11771769196434e-10
8.19756484915502e-10
7.37881089563075e-10
6.64902577440785e-10
5.99754357288873e-10
5.41516054219926e-10
4.89387419477794e-10
4.42670788913802e-10
4.00757760310455e-10
3.63114760482119e-10
3.29271165888656e-10
2.98813751520299e-10
2.71378586269577e-10
2.46642262169416e-10
2.24319562924791e-10
2.04157579730690e-10
1.85932158558444e-10
1.69443570285921e-10
1.54514401273786e-10
1.40987110874846e-10
1.28721033831880e-10
1.17590270853896e-10
1.07482467370801e-10
9.82970371765646e-11
8.99438301615874e-11
8.23427992457937e-11
7.54216689102805e-11
6.91156021304096e-11
6.33662011750857e-11
5.81211745398491e-11
5.33334487684556e-11
4.89611684528768e-11
4.49652537426459e-11
4.13113987463021e-11
3.79695164198779e-11
3.49106299424307e-11
3.21095372513014e-11
2.95434787744853e-11
2.71911382299095e-11
2.50341969376677e-11
2.30557795077857e-11
2.12395656618014e-11
1.95721217011169e-11
1.80407910832514e-11
1.66334723772366e-11
1.53397294866409e-11
1.41502365380575e-11
1.30562227695918e-11
1.20494725308617e-11
1.11225473276022e-11
1.02691188885728e-11
9.48330303174316e-12
8.75888250817525e-12
8.09163847037553e-12
7.47679695933812e-12
6.90936197145220e-12
6.38644692685375e-12
5.90405502265412e-12
5.45818945596466e-12
5.04740693685335e-12
4.66826577394386e-12
4.31776836506970e-12
3.99458244260131e-12
3.69559938206976e-12
3.41959793814794e-12
3.16469073169401e-12
2.92876833896116e-12
2.71105360383217e-12
2.50954812486270e-12
2.32336372363307e-12
2.15116813251370e-12
1.99174010617753e-12
1.84452453311224e-12
1.70818914568827e-12
1.58217883239331e-12
1.46538337020274e-12
1.35746969220918e-12
1.25766064229538e-12
1.16495701973918e-12
1.07935882454058e-12
1.00008890058234e-12
9.26703158654618e-13
8.58979554152484e-13
7.96029908656237e-13
7.37410132956029e-13
6.83342271656784e-13
6.33493257851114e-13
5.87307980026708e-13
5.65103519534205e-13