0
2.80142108289340e-68
4.69590320182510e-54
2.72285250415670e-46
3.84082386040710e-41
2.35642876514917e-37
2.17913601896482e-34
5.76032217495877e-32
6.29915214535763e-30
3.58828962771477e-28
1.23944487495987e-26
2.88236538516035e-25
4.86384364247209e-24
6.29489592096761e-23
6.51804366713345e-22
5.58082108978464e-21
4.05662846811713e-20
2.55735550650386e-19
1.42295051564044e-18
7.09045277718007e-18
3.20271361771160e-17
1.32482873032167e-16
5.06240934853490e-16
1.80017835539360e-15
5.99496159904520e-15
1.87996259674651e-14
5.57795935011538e-14
1.57246199948995e-13
4.22731700797288e-13
1.08730225061483e-12
2.68352138672909e-12
6.37188425692813e-12
1.45903742562573e-11
3.22873808171517e-11
6.91856984681296e-11
1.43811668490547e-10
2.90455827846558e-10
5.70863568235041e-10
1.09335045877066e-09
2.04326953596883e-09
3.73040391490933e-09
6.66099280941158e-09
1.16447879512282e-08
1.99508260778333e-08
3.35295059536495e-08
5.53230465396576e-08
8.96913934682020e-08
1.42985987711861e-07
2.24309298244502e-07
3.46503364946796e-07
5.27415449763833e-07
7.91492850782062e-07
1.17176155789222e-06
1.71224427130661e-06
2.47087193434971e-06
3.52293896813682e-06
4.96514553854520e-06
6.92026024867044e-06
9.54242358552101e-06
1.30230963692134e-05
1.75976386355648e-05
2.35524832757563e-05
3.12328459612406e-05
4.10508891251403e-05
5.34942338671238e-05
6.91346904521245e-05
8.86370564102866e-05
0.000112767811844777
0.000142403525022004
0.000178538768084027
0.000222293332933998
0.000274918530968207
0.000337802357309478
0.000412473300144874
0.000500602577974869
0.000604004592169178
0.000724635389540735
0.000864588937916131
0.00102609102687294
0.00121149062123156
0.00142324851341107
0.00166392313110789
0.00193615337708682
0.00224263842442165
0.00258611439436544
0.00296932780242516
0.00339500574910472
0.00386582289896749
0.00438436492850578
0.00495308804325905
0.00557427487902856
0.00624998627871900
0.00698200652041503
0.00777178238941347
0.00862035844119530
0.00952830188079731
0.0104956125232505
0.0115216338275041
0.0126049644063983
0.0137433401356834
0.0149335172082060
0.0161712077983886
0.0174509980468696
0.0187662295076619
0.0201090234153932
0.0214704026348177
0.0228402713840835
0.0242075041494866
0.0255603821462625
0.0268868506785940
0.0281745094107842
0.0294111241065642
0.0305852770337803
0.0316862683063102
0.0327041379322664
0.0336304786194787
0.0344586066679597
0.0351829573382081
0.0357993956549061
0.0363058285312237
0.0367016211653085
0.0369870279970435
0.0371637722141487
0.0372350856363733
0.0372048444005487
0.0370774632707124
0.0368583818987394
0.0365536533201700
0.0361693124877511
0.0357116223297548
0.0351872851484292
0.0346029387845045
0.0339648752554763
0.0332793648711586
0.0325526657894203
0.0317906349498012
0.0309986935762843
0.0301821108858603
0.0293459326361959
0.0284947328801249
0.0276326908046982
0.0267637976648716
0.0258917663367434
0.0250198836748765
0.0241511156453291
0.0232882448340666
0.0224337919432751
0.0215899348343565
0.0207586012435463
0.0199415577508539
0.0191403529027268
0.0183562715273146
0.0175904096718771
0.0168437356751594
0.0161170485905536
0.0154109503726733
0.0147259070905518
0.0140622931589114
0.0134203579448712
0.0128002075181896
0.0122018574627838
0.0116252652195528
0.0110702993562415
0.0105367279703968
0.0100242674012143
0.00953260402717171
0.00906136262231805
0.00861010105672544
0.00817835756321206
0.00776566183941385
0.00737150085853788
0.00699532066556086
0.00663657337466350
0.00629471706074147
0.00596917885530846
0.00565936480995943
0.00536470672301059
0.00508465058363405
0.00481861777830051
0.00456602482142121
0.00432632586255999
0.00409899153553461
0.00388347323425320
0.00367923247157298
0.00348576918836885
0.00330259687102807
0.00312921904012498
0.00296515931815011
0.00280997653709780
0.00266323858109252
0.00252451040648116
0.00239338393618294
0.00226948116573267
0.00215242770112312
0.00204185158486703
0.00193741244423096
0.00183879384450913
0.00174567715811613
0.00165775039146965
0.00157473628344651
0.00149637498127375
0.00142239917357878
0.00135255411641821
0.00128661580020584
0.00122437053926050
0.00116559841328956
0.00111009639287130
0.00105768519624894
0.00100818903077271
0.000961429519543033
0.000917248175522079
0.000875503384139886
0.000836050601595417
0.000798746278002804
0.000763469557269914
0.000730109755577302
0.000698547728472221
0.000668670162866092
0.000640385656951792
0.000613606541049694
0.000588235682698834
0.000564187183020981
0.000541390624149596
0.000519773478751318
0.000499258353246712
0.000479782553395203
0.000461292264513635
0.000443726140455958
0.000427022890146511
0.000411139183467468
0.000396033843908517
0.000381654477177196
0.000367955481660909
0.000354905129729688
0.000342468454729850
0.000330603030467835
0.000319277643885618
0.000308468170779341
0.000298142728089923
0.000288268126246827
0.000278825506459635
0.000269795973152243
0.000261150156053769
0.000252864374713613
0.000244926358973663
0.000237318573096612
0.000230016588661619
0.000223006248381008
0.000216277569339951
0.000209812098572515
0.000203591644163614
0.000197610380890501
0.000191859200999844
0.000186319859348139
0.000180981176758799
0.000175839336339689
0.000170883606475991
0.000166099836668154
0.000161483532794104
0.000157030140174652
0.000152727005623077
0.000148565205987605
0.000144545017543907
0.000140660285788519
0.000136899330083984
0.000133258601834219
0.000129736559901783
0.000126324619142193
0.000123015821031136
0.000119811093793887
0.000116706681565382
0.000113693770386836
0.000110769732919569
0.000107934866241721
0.000105183133439213
0.000102509030599607
9.99134703891791e-05
9.73941185545835e-05
9.49442434706738e-05
9.25621190164261e-05
9.02490201865058e-05
8.80002556896686e-05
8.58114789105136e-05
8.36837581236205e-05
8.16155066487578e-05
7.96012746312469e-05
7.76401867818022e-05
7.57338939305630e-05
7.38783246552188e-05
7.20701599564722e-05
7.03107165865857e-05
6.85986415378537e-05
6.69293768021939e-05
6.53028057524541e-05
6.37205018482190e-05
6.21786301636673e-05
6.06749012083130e-05
5.92108856974916e-05
5.77850675843594e-05
5.63936900184192e-05
5.50372700148794e-05
5.37169376720881e-05
5.24289568805125e-05
5.11721524201203e-05
4.99482843315802e-05
4.87553743981906e-05
4.75905500211260e-05
4.64548073311200e-05
4.53485539843035e-05
4.42681649172050e-05
4.32136702566144e-05
4.21869191282731e-05
4.11852567214766e-05
4.02068338293260e-05
3.92529620037996e-05
3.83231363900727e-05
3.74142716605963e-05
3.65273095747076e-05
3.56636223739493e-05
3.48200960583744e-05
3.39961612481066e-05
3.31932883349539e-05
3.24099107205100e-05
3.16441393457545e-05
3.08972026394905e-05
3.01692237943962e-05
2.94571993070258e-05
2.87620923281606e-05
2.80853760944444e-05
2.74242612264830e-05
2.67782236184067e-05
2.61486163294355e-05
2.55341957776656e-05
2.49332791265600e-05
2.43471624600256e-05
2.37759589468700e-05
2.32168840702540e-05
2.26711656140521e-05
2.21400528161997e-05
2.16207664084367e-05
2.11133053711343e-05
2.06189544638136e-05
2.01361982292703e-05
1.96639610328120e-05
1.92035870366647e-05
1.87546703465102e-05
1.83150563938250e-05
1.78862089845744e-05
1.74687171538013e-05
1.70598533306698e-05
1.66606047361517e-05
1.62720384019321e-05
1.58919025726734e-05
1.55202468434812e-05
1.51582764905678e-05
1.48046577733707e-05
1.44585123149632e-05
1.41211971260713e-05
1.37921822710441e-05
1.34697016684893e-05
1.31552947124636e-05
1.28491386175433e-05
1.25487332199858e-05
1.22556789210471e-05
1.19707029178073e-05
1.16912398647751e-05
1.14182459118872e-05
1.11526226314052e-05
1.08924668820176e-05
1.06380290447738e-05
1.03903605512823e-05
1.01481209334731e-05
9.91091479818351e-06
9.67994422484964e-06
9.45435055321742e-06
9.23316537571051e-06
9.01773654427007e-06
8.80761278332365e-06
8.60133207369884e-06
8.40037564864282e-06
8.20462950035239e-06
8.01222113711031e-06
7.82474529670285e-06
7.64235979067163e-06
7.46289031439140e-06
7.28798196225622e-06
7.11799316521766e-06
6.95072844858480e-06
6.78757751637615e-06
6.62897703129772e-06
6.47301640710474e-06
6.32079455664680e-06
6.17279625125811e-06
6.02733957033585e-06
5.88529798983828e-06
5.74718298185228e-06
5.61149418598639e-06
5.47894385283243e-06
5.35004938506667e-06
5.22344935494079e-06
5.09975416340680e-06
4.97946747068934e-06
4.86132885935131e-06
4.74590071108949e-06
4.63365518110770e-06
4.52339894541076e-06
4.41569361708805e-06
4.31096449227120e-06
4.20805559775417e-06
4.10756868785001e-06
4.00986946191839e-06
3.91381320197226e-06
3.82007647159455e-06
3.72895509526128e-06
3.63929302771293e-06
3.55187084211117e-06
3.46690637431646e-06
3.38321609005821e-06
3.30170308704414e-06
3.22249966033805e-06
3.14450004501587e-06
3.06854383813615e-06
2.99463328379268e-06
2.92194248563415e-06
2.85117917420141e-06
2.78220534566387e-06
2.71447761457377e-06
2.64857145493291e-06
2.58420371246348e-06
2.52111613041617e-06
2.45975244284047e-06
2.39968126680701e-06
2.34093087003728e-06
2.28381406652822e-06
2.22774950897620e-06
2.17332721741403e-06
2.12084325690309e-06
2.06976662797675e-06
2.02980189423219e-06
2.00250098558730e-06
1.98233101744716e-06
1.97913778587910e-06
1.99100238174044e-06
2.00651794524109e-06
2.02290624562451e-06
2.03995567460424e-06
2.04985763940790e-06
2.04834517447683e-06
2.04224240485384e-06
2.02718816844083e-06
2.00279913109558e-06
1.97491693054719e-06
1.94072263293155e-06
1.90172415182044e-06
1.85955710441110e-06
1.81340556160148e-06
1.76531307460870e-06
1.71505408841366e-06
1.66274273016853e-06
1.60981460595178e-06
1.55617693486931e-06
1.50209214533348e-06
1.44815162461676e-06
1.39451933212076e-06
1.34121988470959e-06
1.28881896377386e-06
1.23718079791946e-06
1.18657070968808e-06
1.13731147077800e-06
1.08894019523742e-06
1.04210798734794e-06
9.96526333008063e-07
9.52342779636517e-07
9.09832295503676e-07
8.68442473822562e-07
8.28727003798768e-07
7.90164758068812e-07
7.53247546003699e-07
7.17985276676991e-07
6.83845768456592e-07
6.51260004702614e-07
6.19782350330667e-07
5.89755178914686e-07
5.60824634843193e-07
5.33238525335378e-07
5.06955999401981e-07
4.81693785969739e-07
4.57660962127626e-07
4.34573997232235e-07
4.12609302835598e-07
3.91552051559607e-07
3.71516136632444e-07
3.52344238119251e-07
3.34096631582348e-07
3.16667492672451e-07
3.00070070458069e-07
2.84245187165411e-07
2.69171611000374e-07
2.54837127955376e-07
2.41183876426021e-07
2.28203483665368e-07
2.15876616027622e-07
2.04148137061821e-07
1.93020510685926e-07
1.82452676966705e-07
1.72276305998587e-07
1.62628845945534e-07
1.53079241393961e-07
1.43945872776996e-07
1.35160478587082e-07
1.26944666334339e-07
1.18829814543808e-07
1.06855825299235e-07
9.24690795045535e-08
4.36634582934303e-08
1.81839365787084e-09
1.97400551460447e-09
1.81198789306336e-09
1.61965374445572e-09
1.44224587828035e-09
1.28544619393267e-09
1.14774212356394e-09
1.02662267575937e-09
9.19775589025562e-10
8.25249979463649e-10
7.41415928651179e-10
6.66904642621091e-10
6.00557492624887e-10
5.41382605412366e-10
4.88526996633709e-10
4.41253700245170e-10
3.98919230981676e-10
3.60962260081976e-10
3.26894733504446e-10
2.96284552447901e-10
2.68752686771734e-10
2.43967623880792e-10
2.21632046049081e-10
2.01486494155745e-10
1.83300596923175e-10
1.66869185136420e-10
1.52011181420164e-10
1.38565159346626e-10
1.26387456056420e-10
1.15350284879412e-10
1.05339514888669e-10
9.62522284098100e-11
8.79973871548145e-11
8.04936117759780e-11
7.36680716428850e-11
6.74555966639900e-11
6.17975670635929e-11
5.66409141811164e-11
5.19388976272239e-11
4.76489958600723e-11
4.37323510737997e-11
4.01544353323402e-11
3.68834962571896e-11
3.38917782727322e-11
3.11543013609139e-11
2.86484169720325e-11
2.63533639355273e-11
2.42500464153750e-11
2.23220331108109e-11
2.05535588548855e-11
1.89304127928835e-11
1.74410486053489e-11
1.60734758836156e-11
1.48173695535547e-11
1.36634037417593e-11
1.26019195079152e-11
1.16260334692697e-11
1.07285291761627e-11
9.90152404511946e-12
9.14068820634384e-12
8.44047054471275e-12
7.79487585589322e-12
7.20035142620645e-12
6.65223431894901e-12
6.14674977583718e-12
5.68067815009954e-12
5.25102183956960e-12
4.85456119747596e-12
4.48852066625705e-12
4.15101286677100e-12
3.83926224145625e-12
3.55127038886849e-12
3.28537197447076e-12
3.03990166372614e-12
2.81297207749276e-12
2.60313992583860e-12
2.40929498573905e-12
2.23021601186701e-12
2.06479278119787e-12
1.91147098149713e-12
1.76969550125250e-12
1.63891122895166e-12
1.51767487466259e-12
1.40576439378037e-12
1.30206956328038e-12
1.25188748256733e-12