3.89909464828575e-86
1.23132659177212e-71
1.77240333406222e-63
4.84451955383193e-58
4.96868911003063e-54
6.98780784257378e-51
2.63185909903410e-48
5.59870435192875e-46
2.40523599444882e-41
1.48182585619098e-37
1.37876440760701e-34
3.67317615785597e-32
4.05754461878370e-30
2.34033277577540e-28
8.20119031887954e-27
1.93753476216388e-25
3.32399346097767e-24
4.37477767737805e-23
4.60582059319978e-22
4.00794888538331e-21
2.95904830918927e-20
1.89328984083161e-19
1.06832612090650e-18
5.39406031070782e-18
2.46678679866618e-17
1.03229078244004e-16
3.98753356207527e-16
1.43240324063781e-15
4.81570463909235e-15
1.52366823957618e-14
4.55880086807278e-14
1.29531867652049e-13
3.50823537301753e-13
9.08709735349819e-13
2.25771939363692e-12
5.39480224701075e-12
1.24274399384747e-11
2.76586601975714e-11
5.95912656006883e-11
1.24514958093744e-10
2.52737188943923e-10
4.99102972937584e-10
9.60282566670163e-10
1.80245971121903e-09
3.30460342806380e-09
5.92452941201165e-09
1.03975213864793e-08
1.78804393996956e-08
3.01580133017092e-08
4.99323873667594e-08
8.12218760399054e-08
1.29900179224549e-07
2.04412788281279e-07
3.16712720591197e-07
4.83462714094794e-07
7.27555199958090e-07
1.08000431777550e-06
1.58226549279264e-06
2.28903721906411e-06
3.27159629006847e-06
4.62171146972232e-06
6.45617129194436e-06
8.92194924381290e-06
1.22020141127492e-05
1.65217750183517e-05
2.21561300294253e-05
2.94370648651735e-05
3.87617246980724e-05
5.06008582986916e-05
6.55075105111803e-05
8.41258171199928e-05
0.000107199736272088
0.000135581533348340
0.000170239821983349
0.000212266953024463
0.000262885535604392
0.000323453870185039
0.000395470072223199
0.000480574666353668
0.000580551434601090
0.000697326308889884
0.000832964106699254
0.000989662917531158
0.00116974596244418
0.00137565077036407
0.00160991552712985
0.00187516246712068
0.00217407823077534
0.00250939113942065
0.00288384527894714
0.00330017135529793
0.00376105446527977
0.00426909862698722
0.00482678760915790
0.00543644227377463
0.00610017423610530
0.00681983345674999
0.00759694915571815
0.00843266627788609
0.00932767282179814
0.0102821122230390
0.0112954920923320
0.0123665927854141
0.0134933526286081
0.0146727476425430
0.0159007143166039
0.0171720723745234
0.0184804150407168
0.0198181024856817
0.0211763675129264
0.0225453320618358
0.0239140677672540
0.0252709555461751
0.0266039957521425
0.0279008542708016
0.0291492399507366
0.0303375407758925
0.0314549090402157
0.0324912241472893
0.0334377195554196
0.0342873428751816
0.0350343124204689
0.0356741727735309
0.0362043747964506
0.0366239970233909
0.0369331213318139
0.0371331340616734
0.0372269475788610
0.0372183323019309
0.0371115894815713
0.0369119254839080
0.0366252800267814
0.0362577132309978
0.0358154329258726
0.0353050451733108
0.0347332184617355
0.0341063280415671
0.0334306435575429
0.0327124283162681
0.0319576346005172
0.0311717794807395
0.0303601622129713
0.0295278784406315
0.0286796065368666
0.0278196104964077
0.0269519219787288
0.0260803147612174
0.0252081659331364
0.0243385075094488
0.0234741643917450
0.0226177172354477
0.0217714120501492
0.0209372229534225
0.0201169567777091
0.0193122161494402
0.0185243355413617
0.0177544414414955
0.0170035367045051
0.0162724667295878
0.0155618681039178
0.0148722262645666
0.0142039412103938
0.0135572975345006
0.0129324265829366
0.0123293551755477
0.0117480567707573
0.0111884253780180
0.0106502465527389
0.0101332411302180
0.00963710416301100
0.00916147853598903
0.00870593347314674
0.00827000644362674
0.00785323040899755
0.00745510502605062
0.00707508300801230
0.00671261184329020
0.00636714911237590
0.00603813072645154
0.00572496595140404
0.00542707936208520
0.00514391405104386
0.00487489737556068
0.00461944529210601
0.00437700419544951
0.00414704226962470
0.00392901381586752
0.00372237313723600
0.00352661554797817
0.00334125755295167
0.00316580135731681
0.00299976143227987
0.00284269216206945
0.00269416404359280
0.00255373961805128
0.00242100161403025
0.00229556760376382
0.00217706534502382
0.00206512029551387
0.00195938337111401
0.00185953405986927
0.00176525577502173
0.00167623406276241
0.00159218358105873
0.00151284086550019
0.00143794012310172
0.00136722134498102
0.00130045633859244
0.00123743204027371
0.00117792759741298
0.00112173348354150
0.00106866801593331
0.00101855769356840
0.000971222282068140
0.000926497083166611
0.000884238379937230
0.000844304009885444
0.000806548795148854
0.000770846134772296
0.000737083660617643
0.000705144369873900
0.000674912064951183
0.000646292060213605
0.000619197268867278
0.000593530930125819
0.000569202617851317
0.000546141204058381
0.000524276967933890
0.000503531317758488
0.000483837001135412
0.000465139629525213
0.000447380686561250
0.000430497729881685
0.000414443126432795
0.000399175431808896
0.000384644081770524
0.000370800016571193
0.000357611768528332
0.000345047287900080
0.000333062965638620
0.000321623811226357
0.000310705971736214
0.000300280407809384
0.000290312690862327
0.000280780377932777
0.000271665090789019
0.000262939200891044
0.000254576220252600
0.000246564382166747
0.000238888695066497
0.000231523569827585
0.000224451744623266
0.000217664155105934
0.000211144952834808
0.000204874481031236
0.000198843992537556
0.000193045464268682
0.000187461862746319
0.000182079543361469
0.000176895932164189
0.000171902556392989
0.000167083656075429
0.000162432293563497
0.000157945209599664
0.000153611563908584
0.000149420711787918
0.000145371539524319
0.000141459378126707
0.000137672663382493
0.000134005935589654
0.000130459050504794
0.000127025107126810
0.000123695518327027
0.000120469464599982
0.000117344605191416
0.000114312372860081
0.000111368636207754
0.000108515085768590
0.000105746971992726
0.000103057219330016
0.000100445398637516
9.79105684923987e-05
9.54459791129292e-05
9.30487321716411e-05
9.07213459536704e-05
8.84601177792987e-05
8.62592677500773e-05
8.41188451483621e-05
8.20386181467070e-05
8.00131504810064e-05
7.80405322881039e-05
7.61231286550146e-05
7.42577646661857e-05
7.24399812906951e-05
7.06703205698434e-05
6.89487445952874e-05
6.72705012660924e-05
6.56346150269549e-05
6.40434202581197e-05
6.24938142989029e-05
6.09823584231117e-05
5.95100444523711e-05
5.80766274106415e-05
5.66777331901802e-05
5.53133706479025e-05
5.39858664824200e-05
5.26918571699397e-05
5.14288768731497e-05
5.01982740301887e-05
4.89992895646996e-05
4.78283441698313e-05
4.66860743667530e-05
4.55740335981725e-05
4.44888372836960e-05
4.34293010462827e-05
4.23969904436161e-05
4.13904016289823e-05
4.04069301569443e-05
3.94476371956554e-05
3.85130908725495e-05
3.75999841820685e-05
3.67084841460530e-05
3.58402433996430e-05
3.49928448357684e-05
3.41648179028597e-05
3.33574789725954e-05
3.25702792201010e-05
3.18005187625037e-05
3.10493004470613e-05
3.03177094951312e-05
2.96027647506136e-05
2.89044017884876e-05
2.82240327431627e-05
2.75598537664568e-05
2.69105220583876e-05
2.62773345761635e-05
2.56599724400841e-05
2.50559018248886e-05
2.44663891534325e-05
2.38924371414040e-05
2.33311862074537e-05
2.27829079590958e-05
2.22488972587698e-05
2.17272956144488e-05
2.12172401723443e-05
2.07200520140338e-05
2.02350828152342e-05
1.97603651265199e-05
1.92973030375132e-05
1.88463287781326e-05
1.84047276604593e-05
1.79735937255732e-05
1.75540175356703e-05
1.71435720626167e-05
1.67423586876492e-05
1.63515922519952e-05
1.59698486961180e-05
1.55962591944503e-05
1.52321740821693e-05
1.48770476871007e-05
1.45290697486367e-05
1.41897638894495e-05
1.38593619837257e-05
1.35353124095516e-05
1.32191238031432e-05
1.29116015163966e-05
1.26102015622909e-05
1.23157144670261e-05
1.20291191516575e-05
1.17485971260489e-05
1.14741758311387e-05
1.12069892082012e-05
1.09458390851191e-05
1.06900450527192e-05
1.04409033381270e-05
1.01977510731377e-05
9.95927023783594e-06
9.72692084577620e-06
9.50049618364535e-06
9.27811788753452e-06
9.06140242340481e-06
8.85052482413329e-06
8.64318853133206e-06
8.44105466424328e-06
8.24457987902427e-06
8.05144820448245e-06
7.86296200927517e-06
7.67969340509378e-06
7.49970222035934e-06
7.32388509172566e-06
7.15289856767498e-06
6.98511091901111e-06
6.82108289118411e-06
6.66153534722991e-06
6.50508883293099e-06
6.35204075172258e-06
6.20315459198828e-06
6.05725180446992e-06
5.91443662634195e-06
5.77549226965513e-06
5.63939481301734e-06
5.50612185601374e-06
5.37645370479734e-06
5.24947914148921e-06
5.12510973471603e-06
5.00410164838705e-06
4.88561927169950e-06
4.76956234907178e-06
4.65664414983635e-06
4.54607185462752e-06
4.43778018599517e-06
4.33242364772379e-06
4.22922372855794e-06
4.12818991823993e-06
4.02990519732249e-06
3.93358068517813e-06
3.83933364311861e-06
3.74766558630668e-06
3.65775615118746e-06
3.56985754834671e-06
3.48438233455095e-06
3.40046065505639e-06
3.31850182955229e-06
3.23882383579388e-06
3.16049210535851e-06
3.08409114446739e-06
3.00984013701378e-06
2.93672707618597e-06
2.86552629713555e-06
2.79635495070707e-06
2.72825499991747e-06
2.66195158160620e-06
2.59740987074153e-06
2.53397881089246e-06
2.47224651206412e-06
2.41201811723712e-06
2.35294811068432e-06
2.29548760466436e-06
2.23928026366060e-06
2.18448863287257e-06
2.13159677742159e-06
2.07992967937720e-06
2.03749888028071e-06
2.00777600034563e-06
1.98382863425550e-06
1.97655131972674e-06
1.98728651790159e-06
2.00250523452183e-06
2.01884506900729e-06
2.03565798018168e-06
2.04772733569669e-06
2.04880179643929e-06
2.04330241793116e-06
2.03015693345243e-06
2.00763228153100e-06
1.98125109196479e-06
1.94851899404380e-06
1.90983682368806e-06
1.86852234829171e-06
1.82324522479682e-06
1.77536795209488e-06
1.72556520283695e-06
1.67368046388727e-06
1.62094867706131e-06
1.56747238799770e-06
1.51343547871718e-06
1.45946098195626e-06
1.40577046658930e-06
1.35229041731133e-06
1.29968967266247e-06
1.24802314405148e-06
1.19715462165715e-06
1.14761223135584e-06
1.09891195243517e-06
1.05174248454798e-06
1.00610524700340e-06
9.61590582493344e-07
9.18729328724943e-07
8.76978756614300e-07
8.36901651535271e-07
7.98281040492732e-07
7.61029441909145e-07
7.25424776359951e-07
6.90951944326557e-07
6.58033589950868e-07
6.26243069068444e-07
5.95904721012452e-07
5.66889635345014e-07
5.39026442036850e-07
5.12505350047654e-07
4.86982277614345e-07
4.62688608759976e-07
4.39360881010487e-07
4.17157450804950e-07
3.95881266990195e-07
3.75628474436063e-07
3.56259104328238e-07
3.37815102002814e-07
3.20287119826013e-07
3.03515820032629e-07
2.87577619828561e-07
2.72347992380517e-07
2.57869536612887e-07
2.44070242572114e-07
2.30947934998227e-07
2.18481583602603e-07
2.06627311927221e-07
1.95375297162848e-07
1.84680800763282e-07
1.74422844945177e-07
1.64678807257346e-07
1.55064956985918e-07
1.45871929757568e-07
1.37039979919429e-07
1.28476001282074e-07
1.20748620324740e-07
1.10058506197497e-07
9.55313319561668e-08
4.46111494412094e-08
1.58672686101369e-09
1.97939387103219e-09
1.85076864944733e-09
1.66001234980229e-09
1.47874379408108e-09
1.31759769761430e-09
1.17598020210608e-09
1.05147768270086e-09
9.41717148705834e-10
8.44673109234861e-10
7.58651252930065e-10
6.82229939208412e-10
6.14208017779561e-10
5.53561863014807e-10
4.99409624765690e-10
4.50988468791991e-10
4.07638589550174e-10
3.68782115955923e-10
3.33914784711453e-10
3.02593616829938e-10
2.74428257895920e-10
2.49077758418537e-10
2.26238361378250e-10
2.05641503825404e-10
1.87052040523383e-10
1.70259029097508e-10
1.55076840258062e-10
1.41339939752072e-10
1.28900778939567e-10
1.17629017637455e-10
1.07406306071312e-10
9.81283942991240e-11
8.97020235868240e-11
8.20430390291449e-11
7.50778328395541e-11
6.87394585696666e-11
6.29667429308256e-11
5.77059511286393e-11
5.29104537960734e-11
4.85356199675380e-11
4.45418146810539e-11
4.08937328444381e-11
3.75596220791863e-11
3.45103945420533e-11
3.17202930588678e-11
2.91665580576250e-11
2.68278732562521e-11
2.46853648633305e-11
2.27207141989538e-11
2.09188222299872e-11
1.92662552578327e-11
1.77492465169848e-11
1.63562496879877e-11
1.50774948082244e-11
1.39023237366587e-11
1.28215216221861e-11
1.18279830374490e-11
1.09139364212751e-11
1.00724983909117e-11
9.29845089814307e-12
8.58557669403126e-12
7.92832466345317e-12
7.32325311503246e-12
6.76592115667063e-12
6.25133278475687e-12
5.77726755324193e-12
5.34017274844700e-12
4.93660667899576e-12
4.56423787653648e-12
4.22073487271746e-12
3.90387722148944e-12
3.61077834298840e-12
3.34043903649217e-12
3.09063885595151e-12
2.85982348913194e-12
2.64688271300884e-12
2.44959608153295e-12
2.26718643858703e-12
2.09898765035632e-12
1.94311233769895e-12
1.79911641140507e-12
1.73039360618077e-12