0
1.10441641124226e-87
7.04186101438027e-73
1.02512183026306e-64
2.83605061258703e-59
2.94341257541418e-55
4.17947178058934e-52
1.58414601279419e-49
2.36083291089916e-47
1.76290449695950e-45
7.74398734125269e-44
2.23587159406759e-42
5.86602561955488e-41
7.99414372349939e-38
7.45273638027915e-35
2.01324019018432e-32
2.26497488696895e-30
1.33606231795073e-28
4.80297754482562e-27
1.16603021767078e-25
2.05661486301320e-24
2.78151319202711e-23
3.00601718791022e-22
2.68119860206552e-21
2.02563494006271e-20
1.32398319441549e-19
7.61889811886881e-19
3.91679951552202e-18
1.82108546304203e-17
7.73744790981023e-17
3.03088502240878e-16
1.10288017232168e-15
3.75232995441801e-15
1.20042938470132e-14
3.62886016175176e-14
1.04105715959304e-13
2.84512847161306e-13
7.43221362450101e-13
1.86136467745308e-12
4.48141255493979e-12
1.03974354188499e-11
2.32982635393209e-11
5.05218102275252e-11
1.06215835616985e-10
2.16863241353550e-10
4.30667744789536e-10
8.33068326003128e-10
1.57172746543598e-09
2.89579463324269e-09
5.21615986732416e-09
9.19585380512086e-09
1.58827761954389e-08
2.69005744607700e-08
4.47177389411337e-08
7.30197738238305e-08
1.17214524151408e-07
1.85106203940283e-07
2.87779122032795e-07
4.40737216450761e-07
6.65349901081230e-07
9.90657973243677e-07
1.45559497829380e-06
2.11167903532720e-06
3.02622729145760e-06
4.28613955721067e-06
6.00228905148506e-06
8.31454645173979e-06
1.13974486564479e-05
1.54665060390625e-05
2.07851218869350e-05
2.76720757091211e-05
3.65094988249809e-05
4.77512468620557e-05
6.19315502979490e-05
7.96738017749053e-05
0.000101699318325770
0.000128835898501609
0.000162025979195979
0.000202334185019232
0.000250954054442850
0.000309213721666729
0.000378580331248123
0.000460662963320240
0.000557213850383168
0.000670127673517604
0.000801438736319578
0.000953315826366126
0.00112805459063349
0.00132806727725151
0.00155586971615227
0.00181406542471328
0.00210532676637499
0.00243237312155029
0.00279794597810159
0.00320478086238649
0.00365557615377824
0.00415295860667702
0.00469944508385359
0.00529740049201285
0.00594899185221398
0.00665613666867993
0.00742044452789550
0.00824315370703336
0.00912506014381935
0.0100664328047650
0.0110669223538380
0.0121254701223229
0.0132402003683430
0.0144082999588107
0.0156259300206715
0.0168881543392396
0.0181888379360145
0.0195206066018776
0.0208749333470335
0.0222421907855810
0.0236116802017705
0.0249719097081556
0.0263109581784619
0.0276165786502300
0.0288764358968718
0.0300787278457581
0.0312124618836482
0.0322673562791359
0.0332342744722407
0.0341057822274131
0.0348758718397865
0.0355397528165066
0.0360943991484497
0.0365385878189345
0.0368722169328812
0.0370963180049346
0.0372134668142793
0.0372273192122782
0.0371420535334621
0.0369626291082387
0.0366948638337442
0.0363448399457782
0.0359187039807177
0.0354229585765208
0.0348643011882907
0.0342491906362936
0.0335838930709003
0.0328746750029321
0.0321275860219330
0.0313482409015362
0.0305419683805381
0.0297139147927691
0.0288688659844728
0.0280111734675249
0.0271449092845413
0.0262739087901414
0.0254016439437781
0.0245312188739683
0.0236654982961986
0.0228071192351974
0.0219584045690864
0.0211213857554664
0.0202979035846158
0.0194896063654165
0.0186978884618109
0.0179239208814914
0.0171687326200670
0.0164332032876464
0.0157180147189785
0.0150236826937479
0.0143506270344119
0.0136991605779632
0.0130694454471055
0.0124615246568469
0.0118753868883990
0.0113109509583847
0.0107680220619899
0.0102463270590767
0.00974557055230130
0.00926541470518927
0.00880544088014845
0.00836518619485749
0.00794418747337022
0.00754195778247546
0.00715795684454956
0.00679162756759666
0.00644242731020450
0.00610980120385618
0.00579316185591394
0.00549192650630226
0.00520553546938873
0.00493342247493933
0.00467500429624068
0.00442971838664852
0.00419702871120031
0.00397639405987649
0.00376726791093818
0.00356913590059227
0.00338150967051043
0.00320389425565704
0.00303579800495202
0.00287676916906621
0.00272637876930593
0.00258418844549102
0.00244977203757490
0.00232274279555267
0.00220273085125400
0.00208935905158070
0.00198226942803548
0.00188113734948581
0.00178564829116046
0.00169548518131557
0.00161035436105594
0.00152998867152276
0.00145412441596526
0.00138249922585210
0.00131487726070800
0.00125104227075590
0.00119077503362808
0.00113386105944069
0.00108011493654081
0.00102936406169074
0.000981427422561687
0.000936134197547234
0.000893338668541577
0.000852901173303278
0.000814674855995290
0.000778527240093974
0.000744344238328809
0.000712011451155181
0.000681411205926685
0.000652443359891453
0.000625019508042835
0.000599044999688325
0.000574426050808707
0.000551089465754218
0.000528967173971773
0.000507980396806884
0.000488057425071631
0.000469143394450700
0.000451182709464093
0.000434111731822062
0.000417878423104479
0.000402441062526071
0.000387751986373974
0.000373760822669045
0.000360432206085615
0.000347734284791845
0.000335625133176753
0.000324066369128073
0.000313034620698760
0.000302503818395139
0.000292438260466432
0.000282811832186036
0.000273606678326876
0.000264798062602267
0.000256358158599923
0.000248271728009342
0.000240524534203423
0.000233092571686022
0.000225955702863323
0.000219105900443051
0.000212529985654686
0.000206206775050899
0.000200124517950151
0.000194276291906381
0.000188647269468101
0.000183221987007487
0.000177996127968094
0.000172962737605031
0.000168106428901860
0.000163417870628457
0.000158895154100280
0.000154529584311724
0.000150308837481017
0.000146229525806674
0.000142288383832900
0.000138474477897832
0.000134780400405155
0.000131207439606817
0.000127750397752036
0.000124399003243236
0.000121150649750712
0.000118004443913744
0.000114952842665828
0.000111990120479799
0.000109117607042797
0.000106331955873729
0.000103625501959081
0.000100996447168211
9.84452762660126e-05
9.59664250881342e-05
9.35554269434480e-05
9.12135855635210e-05
8.89386256558433e-05
8.67245855542542e-05
8.45704611623921e-05
8.24774010118601e-05
8.04408530059586e-05
7.84574041715613e-05
7.65284916754982e-05
7.46523244390396e-05
7.28240412614101e-05
7.10433783660536e-05
6.93116326128118e-05
6.76247061085489e-05
6.59801822538997e-05
6.43796971794286e-05
6.28214929800919e-05
6.13015678799789e-05
5.98203040399481e-05
5.83787416581494e-05
5.69729758681525e-05
5.56016386954461e-05
5.42665445111279e-05
5.29656249161903e-05
5.16957373265514e-05
5.04577796043293e-05
4.92522149672103e-05
4.80752720054545e-05
4.69267239466831e-05
4.58084855468055e-05
4.47179284469579e-05
4.36528812191028e-05
4.26146032250774e-05
4.16027513352457e-05
4.06139254189863e-05
3.96489278196022e-05
3.87094180924752e-05
3.77922267013053e-05
3.68963578941672e-05
3.60232773894964e-05
3.51716724323881e-05
3.43392639594597e-05
3.35272037507162e-05
3.27359729808130e-05
3.19624879969727e-05
3.12072353975124e-05
3.04717329600024e-05
2.97535382094427e-05
2.90516468989255e-05
2.83673933422213e-05
2.76999663790800e-05
2.70471700257735e-05
2.64102417778522e-05
2.57898048476868e-05
2.51829919393209e-05
2.45904036896283e-05
2.40133676632226e-05
2.34496284218233e-05
2.28985484684863e-05
2.23614429558650e-05
2.18373764949709e-05
2.13245887535907e-05
2.08244345453190e-05
2.03371492494275e-05
1.98600232175217e-05
1.93942957833482e-05
1.89410888886687e-05
1.84977627184502e-05
1.80644933929219e-05
1.76425067273112e-05
1.72302551108006e-05
1.68269083401507e-05
1.64338052867086e-05
1.60503544696100e-05
1.56747355078979e-05
1.53084451122165e-05
1.49517423715384e-05
1.46020371959432e-05
1.42607683146778e-05
1.39288093883305e-05
1.36036151389130e-05
1.32858379119361e-05
1.29765206936527e-05
1.26739108801122e-05
1.23778423659626e-05
1.20895140475197e-05
1.18078553708045e-05
1.15319314830664e-05
1.12631115278816e-05
1.10009173293069e-05
1.07437112328856e-05
1.04930408897364e-05
1.02489373621228e-05
1.00091349781728e-05
9.77535918811334e-06
9.54807135156166e-06
9.32478341797438e-06
9.10686425859009e-06
8.89495632927506e-06
8.68697105693705e-06
8.48376977691245e-06
8.28611445025107e-06
8.09232427778639e-06
7.90280038609481e-06
7.71840697966209e-06
7.53780387741099e-06
7.36100695142294e-06
7.18896472451380e-06
7.02061679680455e-06
6.85567035474399e-06
6.69513640672026e-06
6.53817880602592e-06
6.38427236154815e-06
6.23446623593260e-06
6.08809741087235e-06
5.94448130974978e-06
5.80467974165000e-06
5.66815681712907e-06
5.53413715642659e-06
5.40367049350898e-06
5.27630674573842e-06
5.15124152056234e-06
5.02948959535399e-06
4.91065041463568e-06
4.79394513219766e-06
4.68033378875354e-06
4.56943366289320e-06
4.46053776892441e-06
4.35453502001248e-06
4.25103334200649e-06
4.14943621740438e-06
4.05054866203791e-06
3.95394604002508e-06
3.85917356304777e-06
3.76694277459677e-06
3.67677687773682e-06
3.58838787750670e-06
3.50238701862793e-06
3.41822886618104e-06
3.33581206357625e-06
3.25564277192658e-06
3.17709316299819e-06
3.10026425254240e-06
3.02555381026526e-06
2.95224025437246e-06
2.88063938624905e-06
2.81103822685758e-06
2.74261226196337e-06
2.67590184366284e-06
2.61108155319434e-06
2.54727467863258e-06
2.48515081890943e-06
2.42475166445377e-06
2.36534783348841e-06
2.30753004593076e-06
2.25117166707811e-06
2.19599834128115e-06
2.14268534393103e-06
2.09085859270708e-06
2.04598700370706e-06
2.01336428562460e-06
1.98805002016300e-06
1.97702581172798e-06
1.98419720065512e-06
1.99873762651848e-06
2.01489589390924e-06
2.03140103727240e-06
2.04565322892147e-06
2.04935844083654e-06
2.04425839744893e-06
2.03303145551725e-06
2.01261008991871e-06
1.98720745403502e-06
1.95590911333809e-06
1.91810751137833e-06
1.87772402671094e-06
1.83336145842539e-06
1.78568605335716e-06
1.73635343503342e-06
1.68493537699987e-06
1.63239316630648e-06
1.57908408204843e-06
1.52511243101117e-06
1.47110366677250e-06
1.41735332448434e-06
1.36382751769748e-06
1.31104122436110e-06
1.25921342986057e-06
1.20806449921407e-06
1.15822551360889e-06
1.10941260178521e-06
1.06191825222091e-06
1.01600302082616e-06
9.71129278104499e-07
9.27900583813646e-07
8.85844181008899e-07
8.45398351878579e-07
8.06651905604916e-07
7.69051487492511e-07
7.33089363214035e-07
6.98272100141395e-07
6.65010597700189e-07
6.33038115149809e-07
6.02386784454012e-07
5.73191243469218e-07
5.45039057553431e-07
5.18225926726679e-07
4.92431445731079e-07
4.67868049858211e-07
4.44291728629587e-07
4.21842070497114e-07
4.00394354338474e-07
3.79920040982640e-07
3.60464556758977e-07
3.41823179650369e-07
3.24103014093247e-07
3.07151177714182e-07
2.91031409194176e-07
2.75637955460262e-07
2.60995381085039e-07
2.47044177781319e-07
2.33775277802550e-07
2.21164702662868e-07
2.09180705867951e-07
1.97800221091171e-07
1.86986286232482e-07
1.76647244831685e-07
1.66783341581933e-07
1.57160142122414e-07
1.47871351718898e-07
1.38955040251965e-07
1.30172644108306e-07
1.22690960169258e-07
1.13234001841711e-07
9.86919591605684e-08
4.55739281868262e-08
1.33371691468653e-09
1.98330896150623e-09
1.89121962534955e-09
1.70241887254008e-09
1.51714707463668e-09
1.35143396473580e-09
1.20569232375800e-09
1.07762299084158e-09
9.64794910629507e-10
8.65098659375008e-10
7.76772424160299e-10
6.98340829607957e-10
6.28557317305933e-10
5.66362290399525e-10
5.10844366807817e-10
4.61218063740887e-10
4.16800816083196e-10
3.76997211226637e-10
3.41288886041014e-10
3.09219871930111e-10
2.80388712248225e-10
2.54444021408062e-10
2.31074270828913e-10
2.10004458267576e-10
1.90990778747846e-10
1.73818182069851e-10
1.58295043739543e-10
1.44252054745664e-10
1.31539223957589e-10
1.20019882920985e-10
1.09574793683009e-10
1.00097263810994e-10
9.14904818571927e-11
8.36688496264060e-11
7.65567609306572e-11
7.00852709201172e-11
6.41924291500118e-11
5.88237236698319e-11
5.39296385326793e-11
4.94653207283591e-11
4.53906912056823e-11
4.16692236271388e-11
3.82687215250144e-11
3.51590978553418e-11
3.23137072655300e-11
2.97097901835741e-11
2.73254752158891e-11
2.51411114149391e-11
2.31387131677252e-11
2.13024042849952e-11
1.96179739120339e-11
1.80720993725458e-11
1.66531233247724e-11
1.53496104715600e-11
1.41520128948969e-11
1.30518928997958e-11
1.20399246128500e-11
1.11090026067018e-11
1.02520214539936e-11
9.46309697269498e-12
8.73723315919506e-12
8.06865685376579e-12
7.45237205279636e-12
6.88438195339813e-12
6.36080077498491e-12
5.87829784848282e-12
5.43320943791059e-12
5.02242691879928e-12
4.64361882279718e-12
4.29400959234272e-12
3.97148980368911e-12
3.67350594387972e-12
3.39805961147022e-12
3.14392956113352e-12
2.90922841372776e-12
2.69217981241354e-12
2.49145148956131e-12
2.39497310872139e-12