9.9494E-67
8.2411E-53
4.71205E-45
6.54862E-40
3.96355E-36
3.63672E-33
9.61634E-31
1.05821E-28
6.07461E-27
2.10887E-25
4.90392E-24
8.224E-23
1.05119E-21
1.0686E-20
8.9332E-20
6.30808E-19
3.84544E-18
2.06039E-17
9.84928E-17
4.25371E-16
1.67751E-15
6.09598E-15
2.05729E-14
6.49156E-14
1.92643E-13
5.40426E-13
1.43964E-12
3.65626E-12
8.88424E-12
2.07193E-11
4.6508E-11
1.00736E-10
2.11028E-10
4.28453E-10
8.44681E-10
1.6198E-09
3.02617E-09
5.51595E-09
9.82253E-09
1.71095E-08
2.91846E-08
4.88016E-08
8.00762E-08
1.2905E-07
2.04439E-07
3.18617E-07
4.8887E-07
7.38993E-07
1.10127E-06
1.61889E-06
2.3489E-06
3.36565E-06
4.76492E-06
6.66859E-06
9.23003E-06
1.26401E-05
0.000017134
2.29983E-05
3.05788E-05
4.02893E-05
5.26196E-05
0.000068145
0.000087535
0.000111562
0.000141112
0.000177187
0.000220922
0.00027358
0.000336569
0.000411435
0.000499874
0.000603725
0.000724974
0.000865746
0.001028304
0.001215033
0.001428435
0.001671111
0.001945747
0.002255087
0.002601916
0.002989028
0.003419198
0.003895147
0.004419504
0.004994766
0.005623248
0.006307036
0.00704793
0.007847377
0.008706407
0.009625546
0.010604733
0.011643217
0.012739467
0.013891048
0.015094506
0.016345313
0.017637769
0.018964905
0.020318544
0.021689405
0.023067081
0.024440191
0.025796834
0.027124787
0.028411515
0.029644783
0.030813241
0.031906229
0.032913901
0.033828112
0.03464241
0.035351396
0.035951223
0.036440153
0.03681777
0.037084526
0.037242464
0.037295079
0.037246378
0.037100957
0.036864483
0.03654312
0.036142962
0.035670394
0.035132211
0.034535055
0.03388523
0.03318905
0.032452763
0.031682178
0.030882702
0.030059592
0.029217834
0.028361943
0.027496073
0.026624176
0.025749891
0.024876448
0.024006785
0.023143637
0.022289457
0.02144637
0.020616274
0.019800894
0.01900172
0.018219993
0.017456784
0.016713024
0.015989468
0.015286682
0.01460511
0.013945102
0.01330687
0.012690493
0.012095972
0.011523247
0.010972158
0.010442454
0.009933843
0.009446
0.00897853
0.008530976
0.008102875
0.007693751
0.007303077
0.006930288
0.00657484
0.00623619
0.005913754
0.005606937
0.005315173
0.005037906
0.004774552
0.004524532
0.004287304
0.004062333
0.003849069
0.003646982
0.003455576
0.003274359
0.003102837
0.002940541
0.002787036
0.002641885
0.002504656
0.002374949
0.00225239
0.002136603
0.002027218
0.001923902
0.001826344
0.001734222
0.001647231
0.001565098
0.001487562
0.001414357
0.001345236
0.001279976
0.001218363
0.001160179
0.001105226
0.001053329
0.001004309
0.000957989
0.000914218
0.000872857
0.000833757
0.000796779
0.000761805
0.000728726
0.000697422
0.000667784
0.000639722
0.000613146
0.000587959
0.00056408
0.00054144
0.000519964
0.000499576
0.000480216
0.000461833
0.000444363
0.000427747
0.000411943
0.000396908
0.00038259
0.000368947
0.000355947
0.000343553
0.000331723
0.00032043
0.000309649
0.000299346
0.00028949
0.000280063
0.000271047
0.000262409
0.000254131
0.000246198
0.000238591
0.000231287
0.000224274
0.000217541
0.000211069
0.000204841
0.000198851
0.00019309
0.000187538
0.000182188
0.000177034
0.000172064
0.000167264
0.000162633
0.000158164
0.000153845
0.000149668
0.000145632
0.00014173
0.000137951
0.000134293
0.000130754
0.000127324
0.000123997
0.000120775
0.000117653
0.000114622
0.000111681
0.000108829
0.000106059
0.000103367
0.000100754
9.82183E-05
9.57517E-05
0.000093354
9.10251E-05
8.87595E-05
8.65541E-05
8.44111E-05
8.23275E-05
8.02981E-05
7.83229E-05
7.64024E-05
7.45316E-05
7.27086E-05
7.09356E-05
6.92098E-05
6.75271E-05
6.58881E-05
6.42932E-05
6.27378E-05
6.12211E-05
5.97452E-05
5.83073E-05
5.69043E-05
5.55371E-05
5.42056E-05
5.29059E-05
5.16378E-05
5.04037E-05
4.92003E-05
4.80254E-05
4.68803E-05
4.57644E-05
4.46743E-05
4.36107E-05
0.000042575
4.15641E-05
4.05768E-05
3.96149E-05
3.86767E-05
3.77598E-05
3.68655E-05
0.000035994
3.51423E-05
3.43106E-05
3.35008E-05
3.27101E-05
3.19374E-05
3.11842E-05
3.04495E-05
2.97311E-05
0.00002903
2.83471E-05
2.76794E-05
2.70273E-05
2.63923E-05
0.000025772
2.51656E-05
2.45746E-05
0.000023998
2.34338E-05
2.28835E-05
2.23474E-05
2.18228E-05
2.13105E-05
2.08119E-05
2.03244E-05
1.98479E-05
1.93836E-05
1.89303E-05
1.84868E-05
1.80543E-05
1.76328E-05
1.72198E-05
1.68169E-05
1.64248E-05
1.60408E-05
1.56657E-05
1.53006E-05
1.49435E-05
1.45942E-05
0.000014254
1.39217E-05
1.35964E-05
1.32793E-05
1.29701E-05
1.26669E-05
1.23713E-05
1.20835E-05
0.000011801
1.15254E-05
1.12575E-05
1.09946E-05
1.07379E-05
1.04881E-05
1.02433E-05
0.000010004
9.77111E-06
9.54313E-06
9.31997E-06
9.10275E-06
8.89039E-06
8.68227E-06
8.47964E-06
8.28179E-06
8.08767E-06
7.89864E-06
7.71427E-06
7.53319E-06
7.35681E-06
7.18498E-06
7.01603E-06
6.85145E-06
6.69127E-06
6.53363E-06
6.38005E-06
6.23069E-06
6.08359E-06
5.94028E-06
5.80098E-06
5.66375E-06
5.53002E-06
5.40005E-06
5.27201E-06
5.14722E-06
5.02593E-06
4.90645E-06
0.00000479
4.67682E-06
4.56531E-06
4.45665E-06
4.35105E-06
4.24699E-06
4.14562E-06
4.04709E-06
3.95002E-06
3.85548E-06
3.76352E-06
3.67299E-06
3.58484E-06
3.49901E-06
3.4146E-06
3.33241E-06
3.25231E-06
3.17362E-06
3.09703E-06
3.02227E-06
2.94894E-06
2.87758E-06
2.80781E-06
2.73948E-06
2.67303E-06
2.60791E-06
2.54426E-06
2.48239E-06
2.42162E-06
2.36235E-06
2.30476E-06
2.2481E-06
2.19328E-06
2.1404E-06
2.09095E-06
2.05319E-06
2.02626E-06
2.00926E-06
2.00996E-06
2.02305E-06
2.03905E-06
2.05569E-06
2.07321E-06
2.0811E-06
0.000002077
2.06872E-06
2.05136E-06
2.0262E-06
1.9966E-06
1.96053E-06
1.92069E-06
1.8771E-06
1.82944E-06
1.78015E-06
1.7287E-06
1.67553E-06
1.62168E-06
1.56713E-06
1.51225E-06
1.45758E-06
1.40324E-06
1.34936E-06
1.29641E-06
1.24407E-06
1.19299E-06
1.14331E-06
1.09458E-06
1.04742E-06
1.00127E-06
9.56791E-07
9.13993E-07
8.72369E-07
8.32445E-07
7.93687E-07
7.56594E-07
7.20881E-07
6.86571E-07
6.53845E-07
6.22226E-07
5.92078E-07
5.63021E-07
5.35326E-07
5.08706E-07
4.83334E-07
4.59214E-07
4.36035E-07
4.13993E-07
3.92852E-07
3.72744E-07
3.53494E-07
3.35181E-07
3.17679E-07
3.0102E-07
2.85128E-07
2.69998E-07
2.5559E-07
2.41883E-07
2.28847E-07
2.16472E-07
2.04711E-07
1.9354E-07
1.82914E-07
1.72707E-07
1.62926E-07
1.53335E-07
1.44151E-07
1.35236E-07
1.27208E-07
1.18587E-07
1.0525E-07
4.8545E-08
1.07118E-09
2.05129E-09
1.99432E-09
1.80006E-09
1.60388E-09
1.42773E-09
1.27287E-09
1.13696E-09
1.01736E-09
9.11782E-10
8.18324E-10
7.35395E-10
6.61656E-10
5.95972E-10
5.37368E-10
4.85007E-10
4.38162E-10
3.962E-10
3.58569E-10
3.24785E-10
2.94423E-10
2.67109E-10
2.42514E-10
2.20346E-10
2.00348E-10
1.82292E-10
1.65975E-10
1.51217E-10
1.3786E-10
1.25761E-10
1.14794E-10
1.04844E-10
9.58107E-11
8.76039E-11
8.01428E-11
7.33554E-11
6.71759E-11
6.15475E-11
5.64176E-11
5.17391E-11
4.74701E-11
4.35725E-11
4.00104E-11
3.67539E-11
3.37762E-11
3.10506E-11
2.85549E-11
2.62694E-11
2.41747E-11
2.22541E-11
2.04921E-11
1.88751E-11
1.73911E-11
1.60284E-11
1.4777E-11
1.36265E-11
1.25687E-11
1.15959E-11
1.07007E-11
9.87677E-12
9.11826E-12
8.41971E-12
7.77622E-12
7.18325E-12
6.6368E-12
6.13287E-12
5.66824E-12
5.23959E-12
4.84424E-12
4.47908E-12
4.14213E-12
3.83138E-12
3.54416E-12
3.27893E-12
3.0338E-12
2.80742E-12
2.59814E-12
2.40474E-12
2.22589E-12
2.06068E-12
1.90792E-12
1.7667E-12
1.63602E-12
1.51501E-12
1.4031E-12
1.29963E-12
1.20393E-12
1.11511E-12
1.03306E-12
9.57123E-13
9.20597E-13
