6.90855701814377e-10
3.30039206615650e-06
8.76353218191972e-05
0.000524440339414927
0.00162708631337323
0.00347551821892488
0.00592507804677730
0.00875500944745842
0.0117543469212714
0.0147493730896754
0.0176162465046858
0.0202787860457352
0.0226916308799185
0.0248293707015235
0.0266862527504333
0.0282707374438744
0.0295959299024413
0.0306774142304327
0.0315357375325294
0.0321934166199004
0.0326706245818874
0.0329861697479189
0.0331597189478527
0.0332098333389202
0.0331519884879455
0.0330001068564259
0.0327680255851369
0.0324681188255777
0.0321103445759712
0.0317035971141273
0.0312566059527795
0.0307769291094509
0.0302704446226371
0.0297424224802123
0.0291980792212522
0.0286417940818900
0.0280768037410060
0.0275060672268744
0.0269326107051091
0.0263588556490381
0.0257864243210474
0.0252168918072396
0.0246519840887190
0.0240929455189794
0.0235404369284626
0.0229952466062409
0.0224583571656863
0.0219303092184122
0.0214112025245871
0.0209014070131737
0.0204014932124343
0.0199115749565828
0.0194314327841388
0.0189612396732314
0.0185013446927427
0.0180515973286386
0.0176116268210902
0.0171815247879066
0.0167614967463707
0.0163512380406977
0.0159503739515452
0.0155589448245668
0.0151770002420251
0.0148041715486438
0.0144401423996173
0.0140849354851392
0.0137384859595630
0.0134004020955995
0.0130704489971839
0.0127486484626066
0.0124348460998469
0.0121286499600589
0.0118299131170608
0.0115386622168683
0.0112546694245266
0.0109775552617125
0.0107072597195148
0.0104438157046131
0.0101869373877533
0.00993629236499294
0.00969187478632216
0.00945368870686980
0.00922142587677222
0.00899484432967335
0.00877394758140238
0.00855866607254485
0.00834870477075889
0.00814391247268242
0.00794430262487511
0.00774974020707675
0.00755994668089755
0.00737485792274450
0.00719449540284944
0.00701866122806016
0.00684709418171026
0.00667981374864823
0.00651684610762482
0.00635794837566106
0.00620293597072896
0.00605183243911955
0.00590459312888469
0.00576098633054867
0.00562091388287578
0.00548440261316385
0.00535133926517362
0.00522151076477795
0.00509490518505074
0.00497154831685465
0.00485126436959260
0.00473387660084323
0.00461943420900379
0.00450793842580444
0.00439918527530669
0.00429307798282619
0.00418965694638285
0.00408884841253410
0.00399047241464345
0.00389451900649673
0.00380101677238842
0.00370982057814107
0.00362078277145916
0.00353397472768435
0.00344940351485956
0.00336688456263778
0.00328634843566389
0.00320784463804868
0.00313130452352328
0.00305657974607887
0.00298368456059073
0.00291264188920670
0.00284331707451102
0.00277560965830503
0.00270959687114247
0.00264526224270234
0.00258245067854324
0.00252113710314106
0.00246136287015442
0.00240304332532093
0.00234607385044550
0.00229050151704469
0.00223632700600251
0.00218342463143184
0.00213175123403775
0.00208136506838152
0.00203221482301774
0.00198419559396323
0.00193732760852716
0.00189162339390347
0.00184698130523886
0.00180335437168222
0.00176081142444762
0.00171931733633379
0.00167877074078548
0.00163917943722902
0.00160056392428809
0.00156284532220541
0.00152598094778666
0.00149002343342086
0.00145494471491725
0.00142066212562986
0.00138718062911436
0.00135452400662006
0.00132262619322054
0.00129145106464235
0.00126104045488118
0.00123136913000055
0.00120236831207732
0.00117404536763643
0.00114642299791723
0.00111944050908253
0.00109307066096831
0.00106735062976082
0.00104225370868738
0.00101772172987491
0.000993766862714796
0.000970406679911107
0.000947582137574510
0.000925277537833669
0.000903528396508757
0.000882302648917310
0.000861552879954819
0.000841296485704968
0.000821542117675489
0.000802231514401952
0.000783363283443417
0.000764972099390304
0.000747017378819992
0.000729464524342638
0.000712335240333872
0.000695626132345195
0.000679283529142594
0.000663319868000944
0.000647764573361576
0.000632569031341679
0.000617715198853008
0.000603227436655307
0.000589087971011537
0.000575258485309926
0.000561756879619346
0.000548594847255446
0.000535724171001450
0.000523148318281375
0.000510892379038230
0.000498922046140882
0.000487217075702096
0.000475798464556698
0.000464658642184146
0.000453758326425691
0.000443116086596307
0.000432747854870241
0.000422608727829066
0.000412700998801308
0.000403046368143034
0.000393616038123601
0.000384392985595894
0.000375397872199090
0.000366623394466470
0.000358034425935405
0.000349651741223145
0.000341487199263191
0.000333497430402674
0.000325692225938146
0.000318090927431514
0.000310660911786886
0.000303394820754366
0.000296312953778410
0.000289400353466585
0.000282633175664238
0.000276033297791689
0.000269601440800016
0.000263297530466056
0.000257145898880484
0.000251161295577673
0.000245300288945427
0.000239573220095379
0.000233997298757505
0.000228543664011482
0.000223208464338431
0.000218011055929557
0.000212935316243335
0.000207963673781286
0.000203118065210339
0.000198393574438294
0.000193759749342992
0.000189241483438463
0.000184843654955524
0.000180527222073845
0.000176315245850045
0.000172218929512469
0.000168201277316871
0.000164275818577697
0.000160456284218902
0.000156714821408332
0.000153054928568541
0.000149492562041220
0.000146007617923161
0.000142594589303435
0.000139271581633627
0.000136025072818069
0.000132841734115763
0.000129741655091831
0.000126716808988792
0.000123747293543697
0.000120854907999957
0.000118036110663855
0.000115265721950086
0.000112566890880128
0.000109939617293997
0.000107354741781140
0.000104836332225022
0.000102387063654397
9.99752491422923e-05
9.76251207543966e-05
9.53411681423599e-05
9.30920152998338e-05
9.08992059222014e-05
8.87678192842412e-05
8.66696205553685e-05
8.46233176644562e-05
8.26341833649602e-05
8.06764150689254e-05
7.87667736521502e-05
7.69104276546750e-05
7.50834056726379e-05
7.33013490674672e-05
7.15690557879789e-05
6.98638476418489e-05
6.82009827043251e-05
6.65846555507610e-05
6.49930069707150e-05
6.34415570819336e-05
6.19337000234976e-05
6.04479916979095e-05
5.90007417715643e-05
5.75943759940634e-05
5.62088973646846e-05
5.48594621263554e-05
5.35469248916787e-05
5.22550617154671e-05
5.09971026479983e-05
4.97721199630430e-05
4.85678179659166e-05
4.73954676467603e-05
4.62522183192204e-05
4.51298272950984e-05
4.40375950951921e-05
4.29706404547758e-05
4.19248650832538e-05
4.09075969117767e-05
3.99118431829715e-05
3.89377121865486e-05
3.79905616022525e-05
3.70612310826024e-05
3.61540737552346e-05
3.52724836473195e-05
3.44050978010602e-05
3.35655366059395e-05
3.27564142945658e-05
3.19898061501567e-05
3.13998690560924e-05
3.09847769665028e-05
3.07088137250222e-05
3.07009416307125e-05
3.08960495561950e-05
3.11392918100895e-05
3.13935878365479e-05
3.16601610853562e-05
3.17908965682401e-05
3.17404128298282e-05
3.16236862782926e-05
3.13682796330150e-05
3.09858577565159e-05
3.05397871153135e-05
2.99951399771459e-05
2.93877159953659e-05
2.87254693787098e-05
2.80011942925817e-05
2.72504065865764e-05
2.64665319450463e-05
2.56546067445296e-05
2.48325345478806e-05
2.39996616239191e-05
2.31610025840379e-05
2.23254235658388e-05
2.14948648226132e-05
2.06707354378777e-05
1.98607271535423e-05
1.90607440286872e-05
1.82790990883586e-05
1.75186433573060e-05
1.67724248314460e-05
1.60501431591964e-05
1.53442996140285e-05
1.46630037027862e-05
1.40078390530318e-05
1.33701439352096e-05
1.27584066291764e-05
1.21644930403120e-05
1.15960428687112e-05
1.10500852747997e-05
1.05243106177655e-05
1.00227128551067e-05
9.53810958848056e-06
9.07597881372180e-06
8.63062556244465e-06
8.20608851714866e-06
7.79914656212633e-06
7.41026514894383e-06
7.04049425681586e-06
6.68518715785105e-06
6.34725788462021e-06
6.02318848519357e-06
5.71492811285435e-06
5.41985699031855e-06
5.13909996102679e-06
4.87082836264641e-06
4.61545119101459e-06
4.37186390012112e-06
4.13992164371990e-06
3.91905793284408e-06
3.70894078582928e-06
3.50909508528563e-06
3.31940458075941e-06
3.13910361449121e-06
2.96786160136620e-06
2.80512852346426e-06
2.64860456888894e-06
2.49912223493354e-06
2.35212994970091e-06
2.21141280887238e-06
2.07520676354100e-06
1.95114469536684e-06
1.82127072823057e-06
1.62297098582620e-06
1.40161765260771e-06
6.66810913818594e-07
3.04948613027989e-08
3.05306847581122e-08
2.76857606840153e-08
2.46899438671733e-08
2.19799245471108e-08
1.95940980107778e-08
1.74997856206005e-08
1.56571277054596e-08
1.40308958895830e-08
1.25916014281913e-08
1.13146503277761e-08
1.01793639073478e-08
9.16819298257821e-09
8.26611901150187e-09
7.46020345498977e-09
6.73923850058600e-09
6.09347527991133e-09
5.51440093587985e-09
4.99455932168047e-09
4.52740500644921e-09
4.10717826415663e-09
3.72880182286650e-09
3.38779204689388e-09
3.08018288652789e-09
2.80245993078410e-09
2.55150700567697e-09
2.32455676929533e-09
2.11914896741661e-09
1.93309346308013e-09
1.76443770705248e-09
1.61144064758645e-09
1.47254763938065e-09
1.34636868320825e-09
1.23166132848240e-09
1.12731235457630e-09
1.03232355996852e-09
9.45799549789683e-10
8.66937188703787e-10
7.95014276633310e-10
7.29380666975033e-10
6.69452715484908e-10
6.14702844181636e-10
5.64656987833700e-10
5.18886489331294e-10
4.77003880838822e-10
4.38660663348855e-10
4.03539868187863e-10
3.71355834971610e-10
3.41849659690752e-10
3.14786308130977e-10
2.89952617471556e-10
2.67155630950811e-10
2.46220155375454e-10
2.26986207607638e-10
2.09308903542649e-10
1.93056903796673e-10
1.78109527126935e-10
1.64356972476298e-10
1.51700429995572e-10
1.40048417307526e-10
1.29317889729919e-10
1.19432908007866e-10
1.10324305246934e-10
1.01929575890836e-10
9.41896560746613e-11
8.70520322493462e-11
8.04685207356215e-11
7.43939354563850e-11
6.87888634942624e-11
6.36148911326018e-11
5.88374904353373e-11
5.44266853808040e-11
5.03529440365469e-11
4.65893990053701e-11
4.31125135591515e-11
3.98991950589789e-11
3.69292374458041e-11
3.41837669282086e-11
3.16456860716130e-11
2.92992297090677e-11
2.71286326736231e-11
2.51210163781934e-11
2.32641683695078e-11
2.15462092612029e-11
1.99563698899397e-11
1.84855464269162e-11
1.71241909541209e-11
1.58638657765664e-11
1.46975764891977e-11
1.36176625531448e-11
1.26180177417723e-11
1.16922027615374e-11
1.08349995642243e-11
1.00411901016173e-11
9.30566734780314e-12
8.62498961140545e-12
7.99438293341837e-12
7.40973948865076e-12
6.86817269723861e-12
6.36679597931789e-12
5.90250071041965e-12
5.47173417686508e-12
5.07260899951234e-12
4.70279371000970e-12
4.35995684000545e-12
4.04254407726512e-12
3.74811293113453e-12
3.47555317858905e-12
3.22275539588190e-12
2.98827629308107e-12
2.77100564716193e-12
2.56950016819246e-12
2.38264963314805e-12
2.20956586360899e-12
2.04924965885311e-12
1.90047977355334e-12
1.76259007389490e-12
1.63447033685316e-12
1.51567647321826e-12
1.40598643838530e-12
1.30395694242225e-12
1.20925491842172e-12
1.12176934408126e-12
1.04061204098116e-12
9.65116875306649e-13
8.94950780150339e-13
8.30113755512230e-13
7.70050689880009e-13
7.14317494043826e-13
6.62470078793831e-13
6.14508444130024e-13
5.70099523145018e-13
5.28688204326500e-13
4.90607554581857e-13
4.54969395491389e-13
4.21773727055097e-13
3.91575660785293e-13
3.63264973657351e-13
3.36952687973735e-13
3.12305736827057e-13
2.89990254032091e-13
2.69229083471600e-13
2.49245069028348e-13
2.31370478331883e-13
2.14828155264968e-13
1.99062988315291e-13
1.84630088995164e-13
1.71529457304587e-13
1.59094959428785e-13
1.47548639972683e-13
1.36668454331357e-13
1.26898491714655e-13
1.17905685215192e-13
1.09134923320653e-13
1.01363362148277e-13
9.41469124882133e-14
8.73745520379998e-14
8.08242361927114e-14
7.49400541621981e-14
6.96109836439973e-14
6.46149800331841e-14
6.01740879346835e-14
5.55111512312578e-14
5.12923037376822e-14
4.80726569662693e-14
4.45199432874688e-14
4.10782519111308e-14
3.83026943495679e-14
3.54161144855425e-14
3.28626015289046e-14
3.05311331771918e-14
2.80886425230165e-14
2.63122856836162e-14
2.46469511466785e-14
2.25375273998907e-14
2.09832151654155e-14
1.95399252334028e-14
1.78745906964650e-14
1.65423230669148e-14
1.57651669496772e-14
1.45439216225896e-14
1.32116539930394e-14
1.24344978758018e-14
1.15463194561016e-14
1.04360964314765e-14
9.76996261670138e-15
9.21485110438880e-15
8.54871728961371e-15
7.99360577730113e-15
7.32747196252603e-15
6.88338275267597e-15
6.21724893790088e-15
5.77315972805081e-15
5.55111512312578e-15
5.10702591327572e-15
4.77395900588817e-15
4.10782519111308e-15
3.99680288865056e-15
3.77475828372553e-15
3.33066907387547e-15
3.55271367880050e-15
3.10862446895044e-15
2.44249065417534e-15
2.44249065417534e-15
2.66453525910038e-15