0.0	1.75125828878417E+00
    0.2	1.73632773505303E+00
    0.4	1.72121641261588E+00
    0.6	1.70592963536511E+00
    0.8	1.69047390460026E+00
    1.0	1.67485657396242E+00
    1.2	1.65908686054637E+00
    1.4	1.64317478406576E+00
    1.6	1.62712836216488E+00
    1.8	1.61096105641503E+00
    2.0	1.59468463554262E+00
    2.2	1.57831123261515E+00
    2.4	1.56185322796759E+00
    2.6	1.54532315461051E+00
    2.8	1.52873352668014E+00
    3.0	1.51209673476912E+00
    3.2	1.49542511252086E+00
    3.4	1.47873055986554E+00
    3.6	1.46202459533543E+00
    3.8	1.44531829066973E+00
    4.0	1.42862221761054E+00
    4.2	1.41194640663315E+00
    4.4	1.39530031710556E+00
    4.6	1.37869281795810E+00
    4.8	1.36213216808325E+00
    5.0	1.34562602305468E+00
    5.2	1.32918144172977E+00
    5.4	1.31280489935983E+00
    5.6	1.29650230608573E+00
    5.8	1.28027902974530E+00
    6.0	1.26413992200091E+00
    6.2	1.24808934690637E+00
    6.4	1.23213121116334E+00
    6.6	1.21626899546270E+00
    6.8	1.20050578645786E+00
    7.0	1.18484430906738E+00
    7.2	1.16928695894749E+00
    7.4	1.15383583510381E+00
    7.6	1.13849277272191E+00
    7.8	1.12325937638345E+00
    8.0	1.10813705389589E+00
    8.2	1.09312705099736E+00
    8.4	1.07823048720517E+00
    8.6	1.06344839305545E+00
    8.8	1.04878174893752E+00
    9.0	1.03423152566095E+00
    9.2	1.01979872681130E+00
    9.4	1.00548443285658E+00
    9.6	9.91289846866633E-01
    9.8	9.77216341606562E-01
    10.0	9.63265507669452E-01
    10.2	9.49439202228168E-01
    10.4	9.35739597915621E-01
    10.6	9.22169231292224E-01
    10.8	9.08731050331744E-01
    11.0	8.95428460354862E-01
    11.2	8.82265367865229E-01
    11.4	8.69246221796075E-01
    11.6	8.56376051755961E-01
    11.8	8.43660500473356E-01
    12.0	8.31105801590173E-01
    12.2	8.18718701676142E-01
    12.4	8.06506373198195E-01
    12.6	7.94476318334237E-01
    12.8	7.82636263614643E-01
    13.0	7.70994045484679E-01
    13.2	7.59557486973316E-01
    13.4	7.48334265722923E-01
    13.6	7.37331773675147E-01
    13.8	7.26556968716815E-01
    14.0	7.16016218562806E-01
    14.2	7.05715137088330E-01
    14.4	6.95658413219941E-01
    14.6	6.85849632352578E-01
    14.8	6.76291098584313E-01
    15.0	6.66983788009320E-01
    15.2	6.57927433611487E-01
    15.4	6.49120616242806E-01
    15.6	6.40560862266076E-01
    15.8	6.32244748480684E-01
    16.0	6.24168014917605E-01
    16.2	6.16325686060663E-01
    16.4	6.08712201027915E-01
    16.6	6.01321553232063E-01
    16.8	5.94147440035334E-01
    17.0	5.87183422925657E-01
    17.2	5.80423098771650E-01
    17.4	5.73860282768656E-01
    17.6	5.67489203772523E-01
    17.8	5.61304703471776E-01
    18.0	5.55302321845135E-01
    18.2	5.49478268849780E-01
    18.4	5.43829394701450E-01
    18.6	5.38353157765739E-01
    18.8	5.33047589020373E-01
    19.0	5.27911252081563E-01
    19.2	5.22943197845334E-01
    19.4	5.18142912873404E-01
    19.6	5.13510260748258E-01
    19.8	5.09045415728230E-01
    20.0	5.04748788144492E-01
    20.2	5.00620941091574E-01
    20.4	4.96662498064772E-01
    20.6	4.92874041284970E-01
    20.8	4.89256004001170E-01
    21.0	4.85808594124253E-01
    21.2	4.82531750094006E-01
    21.4	4.79425094913144E-01
    21.6	4.76487889450965E-01
    21.8	4.73718986202025E-01
    22.0	4.71116784716766E-01
    22.2	4.68679189920777E-01
    22.4	4.66403574507259E-01
    22.6	4.64286746523965E-01
    22.8	4.62324923182990E-01
    23.0	4.60513711801669E-01
    23.2	4.58848098638624E-01
    23.4	4.57322446224351E-01
    23.6	4.55930499605098E-01
    23.8	4.54665401726543E-01
    24.0	4.53519717985197E-01
    24.2	4.52485469775271E-01
    24.4	4.51554176662254E-01
    24.6	4.50716906626387E-01
    24.8	4.49964333644267E-01
    25.0	4.49286801719177E-01
    25.2	4.48674394334118E-01
    25.4	4.48117008189021E-01
    25.6	4.47604429997723E-01
    25.8	4.47126415062706E-01
    26.0	4.46672766317346E-01
    26.2	4.46233412526702E-01
    26.4	4.45798484368277E-01
    26.6	4.45358387172360E-01
    26.8	4.44903869185832E-01
    27.0	4.44426084331021E-01
    27.2	4.43916648559506E-01
    27.4	4.43367689046200E-01
    27.6	4.42771885627837E-01
    27.8	4.42122504058221E-01
    28.0	4.41413420826106E-01
    28.2	4.40639139456254E-01
    28.4	4.39794798386002E-01
    28.6	4.38876170674695E-01
    28.8	4.37879655957934E-01
    29.0	4.36802265199519E-01
    29.2	4.35641598918350E-01
    29.4	4.34395819672892E-01
    29.6	4.33063619670393E-01
    29.8	4.31644184430256E-01
    30.0	4.30137153470232E-01
    30.2	4.28542579000028E-01
    30.4	4.26860883599857E-01
    30.6	4.25092817832242E-01
    30.8	4.23239418685322E-01
    31.0	4.21301969676776E-01
    31.2	4.19281963361483E-01
    31.4	4.17181066885619E-01
    31.6	4.15001091117908E-01
    31.8	4.12743963768143E-01
    32.0	4.10411706776934E-01
    32.2	4.08006418132191E-01
    32.4	4.05530258140138E-01
    32.6	4.02985440054746E-01
    32.8	4.00374224852313E-01
    33.0	3.97698919830038E-01
    33.2	3.94961880611300E-01
    33.4	3.92165516057958E-01
    33.6	3.89312295522994E-01
    33.8	3.86404757826505E-01
    34.0	3.83445521305262E-01
    34.2	3.80437294271185E-01
    34.4	3.77382885217101E-01
    34.6	3.74285212128643E-01
    34.8	3.71147310298211E-01
    35.0	3.67972338089340E-01
    35.2	3.64763580165993E-01
    35.4	3.61524447779391E-01
    35.6	3.58258475792783E-01
    35.8	3.54969316219817E-01
    36.0	3.51660728152322E-01
    36.2	3.48336564055846E-01
    36.4	3.45000752513666E-01
    36.6	3.41657277599570E-01
    36.8	3.38310155154158E-01
    37.0	3.34963406326413E-01
    37.2	3.31621028819753E-01
    37.4	3.28286966347940E-01
    37.6	3.24965076859517E-01
    37.8	3.21659100128747E-01
    38.0	3.18372625335404E-01
    38.2	3.15109059264926E-01
    38.4	3.11871595754124E-01
    38.6	3.08663186986247E-01
    38.8	3.05486517203437E-01
    39.0	3.02343979355357E-01
    39.2	2.99237655141517E-01
    39.4	2.96169298833059E-01
    39.6	2.93140325179489E-01
    39.8	2.90151801618923E-01
    40.0	2.87204444919310E-01
    40.2	2.84298622284778E-01
    40.4	2.81434356868347E-01
    40.6	2.78611337541705E-01
    40.8	2.75828932687068E-01
    41.0	2.73086207697055E-01
    41.2	2.70381945798111E-01
    41.4	2.67714671752680E-01
    41.6	2.65082677946549E-01
    41.8	2.62484052331439E-01
    42.0	2.59916707669705E-01
    42.2	2.57378411518293E-01
    42.4	2.54866816392752E-01
    42.6	2.52379489568864E-01
    42.8	2.49913942008484E-01
    43.0	2.47467655936593E-01
    43.2	2.45038110646988E-01
    43.4	2.42622806172972E-01
    43.6	2.40219284525134E-01
    43.8	2.37825148269012E-01
    44.0	2.35438076289102E-01
    44.2	2.33055836660401E-01
    44.4	2.30676296622433E-01
    44.6	2.28297429721668E-01
    44.8	2.25917320254603E-01
    45.0	2.23534165203932E-01
    45.2	2.21146273912793E-01
    45.4	2.18752065785914E-01
    45.6	2.16350066340635E-01
    45.8	2.13938901954669E-01
    46.0	2.11517293670835E-01
    46.2	2.09084050421669E-01
    46.4	2.06638062029243E-01
    46.6	2.04178292318088E-01
    46.8	2.01703772652716E-01
    47.0	1.99213596176866E-01
    47.2	1.96706912990437E-01
    47.4	1.94182926453563E-01
    47.6	1.91640890756898E-01
    47.8	1.89080109844381E-01
    48.0	1.86499937721349E-01
    48.2	1.83899780128150E-01
    48.4	1.81279097509154E-01
    48.6	1.78637409160469E-01
    48.8	1.75974298398144E-01
    49.0	1.73289418553209E-01
    49.2	1.70582499571457E-01
    49.4	1.67853354975131E-01
    49.6	1.65101888931015E-01
    49.8	1.62328103165048E-01
    50.0	1.59532103467470E-01
    50.2	1.56714105544246E-01
    50.4	1.53874439989717E-01
    50.6	1.51013556181223E-01
    50.8	1.48132024927968E-01
    51.0	1.45230539742592E-01
    51.2	1.42309916643506E-01
    51.4	1.39371092437803E-01
    51.6	1.36415121477197E-01
    51.8	1.33443170921521E-01
    52.0	1.30456514584659E-01
    52.2	1.27456525475185E-01
    52.4	1.24444667177227E-01
    52.6	1.21422484245395E-01
    52.8	1.18391591810075E-01
    53.0	1.15353664605548E-01
    53.2	1.12310425642749E-01
    53.4	1.09263634751029E-01
    53.6	1.06215077208949E-01
    53.8	1.03166552673307E-01
    54.0	1.00119864598706E-01
    54.2	9.70768103176841E-02
    54.4	9.40391719246017E-02
    54.6	9.10087080760126E-02
    54.8	8.79871467872347E-02
    55.0	8.49761792703820E-02
    55.2	8.19774548243296E-02
    55.4	7.89925767531222E-02
    55.6	7.60230992572597E-02
    55.8	7.30705252130995E-02
    56.0	7.01363047301980E-02
    56.2	6.72218343555179E-02
    56.4	6.43284567776431E-02
    56.6	6.14574608738971E-02
    56.8	5.86100819387660E-02
    57.0	5.57875019333580E-02
    57.2	5.29908496026258E-02
    57.4	5.02213609750162E-02
    57.6	4.74808971006181E-02
    57.8	4.47719513249685E-02
    58.0	4.20976236674572E-02
    58.2	3.94615936604068E-02
    58.4	3.68680918349016E-02
    58.6	3.43218700920862E-02
    58.8	3.18281712524986E-02
    59.0	2.93926981288465E-02
    59.2	2.70215825171016E-02
    59.4	2.47213545444040E-02
    59.6	2.24989128476410E-02
    59.8	2.03614960813894E-02
    60.0	1.83166562661774E-02
    60.2	1.63722344860525E-02
    60.4	1.45358862768460E-02
    60.6	1.28137022796218E-02
    60.8	1.12101871269234E-02
    61.0	9.72832352902745E-03
    61.2	8.36963809467527E-03
    61.4	7.13426816649302E-03
    61.6	6.02102889698021E-03
    61.8	5.02747975592423E-03
    62.0	4.14998964710042E-03
    62.2	3.38379982295356E-03
    62.4	2.72308382143034E-03
    62.6	2.16100370899745E-03
    62.8	1.68976199685523E-03
    63.0	1.30064870116271E-03
    63.2	9.84083139551720E-04
    63.4	7.30071308339963E-04
    63.6	5.29425182090862E-04
    63.8	3.73801989538933E-04
    64.0	1.91916340557730E-04
    64.2	9.85331346644278E-05
    64.4	5.05885981286609E-05
    64.6	2.59730523071146E-05
    64.8	1.33350096880016E-05
    65.0	6.84642225628550E-06
    65.2	3.51507039050272E-06
    65.4	1.80469731308867E-06
    65.6	9.26562495211847E-07
    65.8	4.75713046895316E-07
    66.0	2.44239222023209E-07
    66.2	1.25396597725918E-07
    66.4	6.43807599409297E-08
    66.6	3.30541842900010E-08
    66.8	1.69705840701446E-08
    67.0	8.71298838159408E-09
    67.2	4.47339739304248E-09
    67.4	2.29671880182377E-09
    67.6	1.17917475046035E-09
    67.8	6.05408503217329E-10
    68.0	3.10827089559674E-10
    68.2	1.59583948839013E-10
    68.4	8.19331312567710E-11
    68.6	4.20658722031705E-11
    68.8	2.15973389161450E-11
    69.0	1.10884435250976E-11
    69.2	5.69299672921124E-12
    69.4	2.92288197937360E-12
    69.6	1.50065764512227E-12
    69.8	7.70463324812913E-13
    70.0	3.95569060545718E-13
    70.2	2.03091927443811E-13
    70.4	1.04270872286977E-13
    70.6	5.35344508485955E-14
    70.8	2.74855035236778E-14
    71.0	1.41115280342868E-14
    71.2	7.24510006851120E-15
    71.4	3.71975840427785E-15
    71.6	1.90978764342160E-15
    71.8	9.80517669849565E-16
    72.0	5.03414557214714E-16
    72.2	2.58461651644246E-16
    72.4	1.32698636567594E-16
    72.6	6.81297516860872E-17
    72.8	3.49789808310768E-17
    73.0	1.79588075649877E-17
    73.2	9.22035924127671E-18
    73.4	4.73389027810182E-18
    73.6	2.43046030839943E-18
    73.8	1.24783992946150E-18
    74.0	0.00000000000000E+00
    74.2	0.00000000000000E+00
    74.4	0.00000000000000E+00
    74.6	0.00000000000000E+00
    74.8	0.00000000000000E+00
    75.0	0.00000000000000E+00
    75.2	0.00000000000000E+00
    75.4	0.00000000000000E+00
    75.6	0.00000000000000E+00
    75.8	0.00000000000000E+00
    76.0	0.00000000000000E+00
    76.2	0.00000000000000E+00
    76.4	0.00000000000000E+00
    76.6	0.00000000000000E+00
    76.8	0.00000000000000E+00
    77.0	0.00000000000000E+00
    77.2	0.00000000000000E+00
    77.4	0.00000000000000E+00
    77.6	0.00000000000000E+00
    77.8	0.00000000000000E+00
    78.0	0.00000000000000E+00
    78.2	0.00000000000000E+00
    78.4	0.00000000000000E+00
    78.6	0.00000000000000E+00
    78.8	0.00000000000000E+00
    79.0	0.00000000000000E+00
    79.2	0.00000000000000E+00
    79.4	0.00000000000000E+00
    79.6	0.00000000000000E+00
    79.8	0.00000000000000E+00
    80.0	0.00000000000000E+00
    80.2	0.00000000000000E+00
    80.4	0.00000000000000E+00
    80.6	0.00000000000000E+00
    80.8	0.00000000000000E+00
    81.0	0.00000000000000E+00
    81.2	0.00000000000000E+00
    81.4	0.00000000000000E+00
    81.6	0.00000000000000E+00
    81.8	0.00000000000000E+00
    82.0	0.00000000000000E+00
    82.2	0.00000000000000E+00
    82.4	0.00000000000000E+00
    82.6	0.00000000000000E+00
    82.8	0.00000000000000E+00
    83.0	0.00000000000000E+00
    83.2	0.00000000000000E+00
    83.4	0.00000000000000E+00
    83.6	0.00000000000000E+00
    83.8	0.00000000000000E+00
    84.0	0.00000000000000E+00
    84.2	0.00000000000000E+00
    84.4	0.00000000000000E+00
    84.6	0.00000000000000E+00
    84.8	0.00000000000000E+00
    85.0	0.00000000000000E+00
    85.2	0.00000000000000E+00
    85.4	0.00000000000000E+00
    85.6	0.00000000000000E+00
    85.8	0.00000000000000E+00
    86.0	0.00000000000000E+00
    86.2	0.00000000000000E+00
    86.4	0.00000000000000E+00
    86.6	0.00000000000000E+00
    86.8	0.00000000000000E+00
    87.0	0.00000000000000E+00
    87.2	0.00000000000000E+00
    87.4	0.00000000000000E+00
    87.6	0.00000000000000E+00
    87.8	0.00000000000000E+00
    88.0	0.00000000000000E+00
    88.2	0.00000000000000E+00
    88.4	0.00000000000000E+00
    88.6	0.00000000000000E+00
    88.8	0.00000000000000E+00
    89.0	0.00000000000000E+00
    89.2	0.00000000000000E+00
    89.4	0.00000000000000E+00
    89.6	0.00000000000000E+00
    89.8	0.00000000000000E+00
    90.0	0.00000000000000E+00
    90.2	0.00000000000000E+00
    90.4	0.00000000000000E+00
    90.6	0.00000000000000E+00
    90.8	0.00000000000000E+00
    91.0	0.00000000000000E+00
    91.2	0.00000000000000E+00
    91.4	0.00000000000000E+00
    91.6	0.00000000000000E+00
    91.8	0.00000000000000E+00
    92.0	0.00000000000000E+00
    92.2	0.00000000000000E+00
    92.4	0.00000000000000E+00
    92.6	0.00000000000000E+00
    92.8	0.00000000000000E+00
    93.0	0.00000000000000E+00
    400.0	0.00000000000000E+00