0.0000 	0.650000000000000000000000000000 
0.2500 	0.650000000000000000000000000000 
0.5000 	0.650000000000000000000000000000 
0.7500 	0.650000000000000000000000000000 
1.0000 	0.650000000000000000000000000000 
1.2500 	0.650000000000000000000000000000 
1.5000 	0.650000000000000000000000000000 
1.7500 	0.650000000000000000000000000000 
2.0000 	0.650000000000000000000000000000 
2.2500 	0.650000000000000000000000000000 
2.5000 	0.650000000000000000000000000000 
2.7500 	0.649999609285159000000000000000 
3.0000 	0.649997239073736000000000000000 
3.2500 	0.649990112326701000000000000000 
3.5000 	0.649974273473460000000000000000 
3.7500 	0.649944598051308000000000000000 
4.0000 	0.649894802256255000000000000000 
4.2500 	0.649817452402958000000000000000 
4.5000 	0.649703974291537000000000000000 
4.7500 	0.649544662479142000000000000000 
5.0000 	0.649328689454170000000000000000 
5.2500 	0.649044114711132000000000000000 
5.5000 	0.648677893724216000000000000000 
5.7500 	0.648215886817659000000000000000 
6.0000 	0.647642867931116000000000000000 
6.2500 	0.646942533278290000000000000000 
6.5000 	0.646098682041652000000000000000 
6.7500 	0.645097646868786000000000000000 
7.0000 	0.643928272772160000000000000000 
7.2500 	0.642581896167497000000000000000 
7.5000 	0.641052324056539000000000000000 
7.7500 	0.639335813359917000000000000000 
8.0000 	0.637431050405681000000000000000 
8.2500 	0.635339130578948000000000000000 
8.5000 	0.633063538137982000000000000000 
8.7500 	0.630610126201931000000000000000 
9.0000 	0.627987096915255000000000000000 
9.2500 	0.625204981793815000000000000000 
9.5000 	0.622276622257429000000000000000 
9.7500 	0.619217150353549000000000000000 
10.0000 	0.616043969676635000000000000000 
10.2500 	0.612775564343083000000000000000 
10.5000 	0.609429058258851000000000000000 
10.7500 	0.606020226080574000000000000000 
11.0000 	0.602563504137515000000000000000 
11.2500 	0.599072001310985000000000000000 
11.5000 	0.595557509867938000000000000000 
11.7500 	0.592030516245446000000000000000 
12.0000 	0.588500211782862000000000000000 
12.2500 	0.584974503398483000000000000000 
12.5000 	0.581460024207601000000000000000 
12.7500 	0.577962144078880000000000000000 
13.0000 	0.574484980126040000000000000000 
13.2500 	0.571031407131901000000000000000 
13.5000 	0.567603067901874000000000000000 
13.7500 	0.564200383544065000000000000000 
14.0000 	0.560822954388047000000000000000 
14.2500 	0.557470377461947000000000000000 
14.5000 	0.554142246726301000000000000000 
14.7500 	0.550838153307623000000000000000 
15.0000 	0.547557685731546000000000000000 
15.2500 	0.544300485677430000000000000000 
15.5000 	0.541066688569587000000000000000 
15.7500 	0.537857044695156000000000000000 
16.0000 	0.534672920126966000000000000000 
16.2500 	0.531516297661635000000000000000 
16.5000 	0.528389777771536000000000000000 
16.7500 	0.525296579569231000000000000000 
17.0000 	0.522240541782966000000000000000 
17.2500 	0.519226123741794000000000000000 
17.5000 	0.516258406368879000000000000000 
17.7500 	0.513343093181511000000000000000 
18.0000 	0.510486511296348000000000000000 
18.2500 	0.507695612438391000000000000000 
18.5000 	0.504977973952171000000000000000 
18.7500 	0.502341799813634000000000000000 
19.0000 	0.499795755075077000000000000000 
19.2500 	0.497347645795744000000000000000 
19.5000 	0.495004057386050000000000000000 
19.7500 	0.492770353528390000000000000000 
20.0000 	0.490650675041879000000000000000 
20.2500 	0.488647938693154000000000000000 
20.5000 	0.486763835955443000000000000000 
20.7500 	0.484998831718183000000000000000 
21.0000 	0.483352162949503000000000000000 
21.2500 	0.481821837313979000000000000000 
21.5000 	0.480404631748107000000000000000 
21.7500 	0.479096090995994000000000000000 
22.0000 	0.477890526107850000000000000000 
22.2500 	0.476781012903868000000000000000 
22.5000 	0.475759390406181000000000000000 
22.7500 	0.474816425807696000000000000000 
23.0000 	0.473943133926406000000000000000 
23.2500 	0.473131138218478000000000000000 
23.5000 	0.472372671188414000000000000000 
23.7500 	0.471660574830263000000000000000 
24.0000 	0.470988301099094000000000000000 
24.2500 	0.470349912411886000000000000000 
24.5000 	0.469740082176972000000000000000 
24.7500 	0.469154095351123000000000000000 
25.0000 	0.468587849023343000000000000000 
25.2500 	0.468037853024393000000000000000 
25.5000 	0.467501230561049000000000000000 
25.7500 	0.466975718874041000000000000000 
26.0000 	0.466459669918627000000000000000 
26.2500 	0.465952051066681000000000000000 
26.5000 	0.465452390307154000000000000000 
26.7500 	0.464960336628463000000000000000 
27.0000 	0.464475539891458000000000000000 
27.2500 	0.463997650913286000000000000000 
27.5000 	0.463526321550541000000000000000 
27.7500 	0.463061204781684000000000000000 
28.0000 	0.462601954788715000000000000000 
28.2500 	0.462148227038080000000000000000 
28.5000 	0.461699678360796000000000000000 
28.7500 	0.461255967031768000000000000000 
29.0000 	0.460816752848293000000000000000 
29.2500 	0.460381697207723000000000000000 
29.5000 	0.459950463184281000000000000000 
29.7500 	0.459522715605002000000000000000 
30.0000 	0.459098121124792000000000000000 
30.2500 	0.458676348300587000000000000000 
30.5000 	0.458257067664591000000000000000 
30.7500 	0.457839951796589000000000000000 
31.0000 	0.457424675395309000000000000000 
31.2500 	0.457010915348831000000000000000 
31.5000 	0.456598350804009000000000000000 
31.7500 	0.456186663234920000000000000000 
32.0000 	0.455775536510303000000000000000 
32.2500 	0.455364656959984000000000000000 
32.5000 	0.454953713440279000000000000000 
32.7500 	0.454542397398357000000000000000 
33.0000 	0.454130402935546000000000000000 
33.2500 	0.453717426869589000000000000000 
33.5000 	0.453303168795816000000000000000 
33.7500 	0.452887331147233000000000000000 
34.0000 	0.452469619253527000000000000000 
34.2500 	0.452049741398953000000000000000 
34.5000 	0.451627408879116000000000000000 
34.7500 	0.451202336056625000000000000000 
35.0000 	0.450774240415618000000000000000 
35.2500 	0.450342842615142000000000000000 
35.5000 	0.449907866541388000000000000000 
35.7500 	0.449469039358765000000000000000 
36.0000 	0.449026091559815000000000000000 
36.2500 	0.448578757013951000000000000000 
36.5000 	0.448126773015017000000000000000 
36.7500 	0.447669880327671000000000000000 
37.0000 	0.447207823232563000000000000000 
37.2500 	0.446740349570335000000000000000 
37.5000 	0.446267210784399000000000000000 
37.7500 	0.445788161962530000000000000000 
38.0000 	0.445302961877227000000000000000 
38.2500 	0.444811373024877000000000000000 
38.5000 	0.444313161663686000000000000000 
38.7500 	0.443808097850398000000000000000 
39.0000 	0.443295955475780000000000000000 
39.2500 	0.442776512298885000000000000000 
39.5000 	0.442249549980079000000000000000 
39.7500 	0.441714854112844000000000000000 
40.0000 	0.441172214254332000000000000000 
40.2500 	0.440621423954702000000000000000 
40.5000 	0.440062280785203000000000000000 
40.7500 	0.439494586365027000000000000000 
41.0000 	0.438918146386933000000000000000 
41.2500 	0.438332770641615000000000000000 
41.5000 	0.437738273040848000000000000000 
41.7500 	0.437134471639393000000000000000 
42.0000 	0.436521188655667000000000000000 
42.2500 	0.435898250491175000000000000000 
42.5000 	0.435265487748718000000000000000 
42.7500 	0.434622735249364000000000000000 
43.0000 	0.433969832048197000000000000000 
43.2500 	0.433306621448835000000000000000 
43.5000 	0.432632951016733000000000000000 
43.7500 	0.431948672591259000000000000000 
44.0000 	0.431253642296569000000000000000 
44.2500 	0.430547720551253000000000000000 
44.5000 	0.429830772076794000000000000000 
44.7500 	0.429102665904806000000000000000 
45.0000 	0.428363275383093000000000000000 
45.2500 	0.427612478180501000000000000000 
45.5000 	0.426850156290597000000000000000 
45.7500 	0.426076196034156000000000000000 
46.0000 	0.425290488060481000000000000000 
46.2500 	0.424492927347551000000000000000 
46.5000 	0.423683413201013000000000000000 
46.7500 	0.422861849252013000000000000000 
47.0000 	0.422028143453881000000000000000 
47.2500 	0.421182208077680000000000000000 
47.5000 	0.420323959706620000000000000000 
47.7500 	0.419453319229346000000000000000 
48.0000 	0.418570211832113000000000000000 
48.2500 	0.417674566989853000000000000000 
48.5000 	0.416766318456139000000000000000 
48.7500 	0.415845404252067000000000000000 
49.0000 	0.414911766654046000000000000000 
49.2500 	0.413965352180529000000000000000 
49.5000 	0.413006111577669000000000000000 
49.7500 	0.412033999803938000000000000000 
50.0000 	0.411048976013688000000000000000 
50.2500 	0.410051003539694000000000000000 
50.5000 	0.409040049874666000000000000000 
50.7500 	0.408016086651755000000000000000 
51.0000 	0.406979089624063000000000000000 
51.2500 	0.405929038643152000000000000000 
51.5000 	0.404865917636592000000000000000 
51.7500 	0.403789714584529000000000000000 
52.0000 	0.402700421495307000000000000000 
52.2500 	0.401598034380144000000000000000 
52.5000 	0.400482553226880000000000000000 
52.7500 	0.399353981972802000000000000000 
53.0000 	0.398212328476567000000000000000 
53.2500 	0.397057604489231000000000000000 
53.5000 	0.395889825624393000000000000000 
53.7500 	0.394709011327475000000000000000 
54.0000 	0.393515184844144000000000000000 
54.2500 	0.392308373187892000000000000000 
54.5000 	0.391088607106783000000000000000 
54.7500 	0.389855921049393000000000000000 
55.0000 	0.388610353129934000000000000000 
55.2500 	0.387351945092598000000000000000 
55.5000 	0.386080742275123000000000000000 
55.7500 	0.384796793571592000000000000000 
56.0000 	0.383500151394491000000000000000 
56.2500 	0.382190871636025000000000000000 
56.5000 	0.380869013628718000000000000000 
56.7500 	0.379534640105304000000000000000 
57.0000 	0.378187817157924000000000000000 
57.2500 	0.376828614196645000000000000000 
57.5000 	0.375457103907320000000000000000 
57.7500 	0.374073362208787000000000000000 
58.0000 	0.372677468209441000000000000000 
58.2500 	0.371269504163181000000000000000 
58.5000 	0.369849555424751000000000000000 
58.7500 	0.368417710404484000000000000000 
59.0000 	0.366974060522476000000000000000 
59.2500 	0.365518700162186000000000000000 
59.5000 	0.364051726623497000000000000000 
59.7500 	0.362573240075233000000000000000 
60.0000 	0.361083343507162000000000000000 
60.2500 	0.359582142681492000000000000000 
60.5000 	0.358069746083872000000000000000 
60.7500 	0.356546264873922000000000000000 
61.0000 	0.355011812835297000000000000000 
61.2500 	0.353466506325306000000000000000 
61.5000 	0.351910464224093000000000000000 
61.7500 	0.350343807883408000000000000000 
62.0000 	0.348766661074963000000000000000 
62.2500 	0.347179149938407000000000000000 
62.5000 	0.345581402928921000000000000000 
62.7500 	0.343973550764452000000000000000 
63.0000 	0.342355726372602000000000000000 
63.2500 	0.340728064837182000000000000000 
63.5000 	0.339090703344450000000000000000 
63.7500 	0.337443781129038000000000000000 
64.0000 	0.335787439419598000000000000000 
64.2500 	0.334121821384162000000000000000 
64.5000 	0.332447072075247000000000000000 
64.7500 	0.330763338374702000000000000000 
65.0000 	0.329070768938329000000000000000 
65.2500 	0.327369514140273000000000000000 
65.5000 	0.325659726017211000000000000000 
65.7500 	0.323941558212340000000000000000 
66.0000 	0.322215165919185000000000000000 
66.2500 	0.320480705825241000000000000000 
66.5000 	0.318738336055451000000000000000 
66.7500 	0.316988216115551000000000000000 
67.0000 	0.315230506835276000000000000000 
67.2500 	0.313465370311453000000000000000 
67.5000 	0.311692969850987000000000000000 
67.7500 	0.309913469913752000000000000000 
68.0000 	0.308127036055405000000000000000 
68.2500 	0.306333834870129000000000000000 
68.5000 	0.304534033933314000000000000000 
68.7500 	0.302727801744200000000000000000 
69.0000 	0.300915307668484000000000000000 
69.2500 	0.299096721880897000000000000000 
69.5000 	0.297272215307779000000000000000 
69.7500 	0.295441959569646000000000000000 
70.0000 	0.293606126923772000000000000000 
70.2500 	0.291764890206784000000000000000 
70.5000 	0.289918422777299000000000000000 
70.7500 	0.288066898458586000000000000000 
71.0000 	0.286210491481296000000000000000 
71.2500 	0.284349376426239000000000000000 
71.5000 	0.282483728167236000000000000000 
71.7500 	0.280613721814049000000000000000 
72.0000 	0.278739532655400000000000000000 
72.2500 	0.276861336102086000000000000000 
72.5000 	0.274979307630198000000000000000 
72.7500 	0.273093622724454000000000000000 
73.0000 	0.271204456821654000000000000000 
73.2500 	0.269311985254262000000000000000 
73.5000 	0.267416383194130000000000000000 
73.7500 	0.265517825596357000000000000000 
74.0000 	0.263616487143304000000000000000 
74.2500 	0.261712542188767000000000000000 
74.5000 	0.259806164702311000000000000000 
74.7500 	0.257897528213773000000000000000 
75.0000 	0.255986805757942000000000000000 
75.2500 	0.254074169819419000000000000000 
75.5000 	0.252159792277661000000000000000 
75.7500 	0.250243844352218000000000000000 
76.0000 	0.248326496548163000000000000000 
76.2500 	0.246407918601721000000000000000 
76.5000 	0.244488279426102000000000000000 
76.7500 	0.242567747057536000000000000000 
77.0000 	0.240646488601523000000000000000 
77.2500 	0.238724670179288000000000000000 
77.5000 	0.236802456874458000000000000000 
77.7500 	0.234880012679944000000000000000 
78.0000 	0.232957500445049000000000000000 
78.2500 	0.231035081822794000000000000000 
78.5000 	0.229112917217456000000000000000 
78.7500 	0.227191165732331000000000000000 
79.0000 	0.225269985117717000000000000000 
79.2500 	0.223349531719113000000000000000 
79.5000 	0.221429960425632000000000000000 
79.7500 	0.219511424618638000000000000000 
80.0000 	0.217594076120593000000000000000 
80.2500 	0.215678065144109000000000000000 
80.5000 	0.213763540241225000000000000000 
80.7500 	0.211850648252867000000000000000 
81.0000 	0.209939534258533000000000000000 
81.2500 	0.208030341526153000000000000000 
81.5000 	0.206123211462156000000000000000 
81.7500 	0.204218283561714000000000000000 
82.0000 	0.202315695359174000000000000000 
82.2500 	0.200415582378653000000000000000 
82.5000 	0.198518078084807000000000000000 
82.7500 	0.196623313833759000000000000000 
83.0000 	0.194731418824165000000000000000 
83.2500 	0.192842520048436000000000000000 
83.5000 	0.190956742244078000000000000000 
83.7500 	0.189074207845159000000000000000 
84.0000 	0.187195036933880000000000000000 
84.2500 	0.185319347192248000000000000000 
84.5000 	0.183447253853829000000000000000 
84.7500 	0.181578869655572000000000000000 
85.0000 	0.179714304789693000000000000000 
85.2500 	0.177853666855599000000000000000 
85.5000 	0.175997060811835000000000000000 
85.7500 	0.174144588928043000000000000000 
86.0000 	0.172296350736918000000000000000 
86.2500 	0.170452442986126000000000000000 
86.5000 	0.168612959590186000000000000000 
86.7500 	0.166777991582284000000000000000 
87.0000 	0.164947627065996000000000000000 
87.2500 	0.163121951166909000000000000000 
87.5000 	0.161301045984102000000000000000 
87.7500 	0.159484990541475000000000000000 
88.0000 	0.157673860738897000000000000000 
88.2500 	0.155867729303261000000000000000 
88.5000 	0.154066665738995000000000000000 
88.7500 	0.152270736278284000000000000000 
89.0000 	0.150480003830988000000000000000 
89.2500 	0.148694527934235000000000000000 
89.5000 	0.146914364701638000000000000000 
89.7500 	0.145139566772118000000000000000 
90.0000 	0.143370183258285000000000000000 
90.2500 	0.141606259694353000000000000000 
90.5000 	0.139847837983539000000000000000 
90.7500 	0.138094956344907000000000000000 
91.0000 	0.136347649259625000000000000000 
91.2500 	0.134605947416580000000000000000 
91.5000 	0.132869877657314000000000000000 
91.7500 	0.131139462920228000000000000000 
92.0000 	0.129414722183651000000000000000 
92.2500 	0.127695670409025000000000000000 
92.5000 	0.125982318483261000000000000000 
92.7500 	0.124274673160194000000000000000 
93.0000 	0.122572737001060000000000000000 
93.2500 	0.120876508313951000000000000000 
93.5000 	0.119185981092175000000000000000 
93.7500 	0.117501144951475000000000000000 
94.0000 	0.115821985066028000000000000000 
94.2500 	0.114148482103160000000000000000 
94.5000 	0.112480612156711000000000000000 
94.7500 	0.110818346678977000000000000000 
95.0000 	0.109161652411144000000000000000 
95.2500 	0.107510491312153000000000000000 
95.5000 	0.105864820485899000000000000000 
95.7500 	0.104224592107046000000000000000 
96.0000 	0.102589753344073000000000000000 
96.2500 	0.100960246280334000000000000000 
96.5000 	0.099336007833083800000000000000 
96.7500 	0.097716969670364200000000000000 
97.0000 	0.096103058125657300000000000000 
97.2500 	0.094494194110194500000000000000 
97.5000 	0.092890293022813500000000000000 
97.7500 	0.091291264657250200000000000000 
98.0000 	0.089697013106748300000000000000 
98.2500 	0.088107436665862500000000000000 
98.5000 	0.086522427729331900000000000000 
98.7500 	0.084941872687888800000000000000 
99.0000 	0.083365651820870700000000000000 
99.2500 	0.081793639185490800000000000000 
99.5000 	0.080225702502503800000000000000 
99.7500 	0.078661703038547200000000000000 
100.0000 	0.077101495484707900000000000000 
100.2500 	0.075544927831138200000000000000 
100.5000 	0.073991841237552300000000000000 
100.7500 	0.072442069899427100000000000000 
101.0000 	0.070895440909727900000000000000 
101.2500 	0.069351774115968100000000000000 
101.5000 	0.067810881972410500000000000000 
101.7500 	0.066272569387204700000000000000 
102.0000 	0.064736633564253900000000000000 
102.2500 	0.063202863839591400000000000000 
102.5000 	0.061671041512041000000000000000 
102.7500 	0.060140939667929300000000000000 
103.0000 	0.058612322999605300000000000000 
103.2500 	0.057084947617516800000000000000 
103.5000 	0.055558560855582300000000000000 
103.7500 	0.054032901069588700000000000000 
104.0000 	0.052507697428333700000000000000 
104.2500 	0.050982669697222100000000000000 
104.5000 	0.049457528014015500000000000000 
104.7500 	0.047931972656421600000000000000 
105.0000 	0.046405693801200500000000000000 
105.2500 	0.044878371274450100000000000000 
105.5000 	0.043349674292724700000000000000 
105.7500 	0.041819261194622300000000000000 
106.0000 	0.040286779162470100000000000000 
106.2500 	0.038751863933716300000000000000 
106.5000 	0.037214139501627400000000000000 
106.7500 	0.035673217804873800000000000000 
107.0000 	0.034128698405569800000000000000 
107.2500 	0.032580554420681700000000000000 
107.5000 	0.031029258140052100000000000000 
107.7500 	0.029475791847636400000000000000 
108.0000 	0.027921652823024800000000000000 
108.2500 	0.026368858584442000000000000000 
108.5000 	0.024819952380581200000000000000 
108.7500 	0.023278008938871300000000000000 
109.0000 	0.021746640478019300000000000000 
109.2500 	0.020230002992928900000000000000 
109.5000 	0.018732802820364000000000000000 
109.7500 	0.017260303493998100000000000000 
110.0000 	0.015818332897782600000000000000 
110.2500 	0.014413290726862400000000000000 
110.5000 	0.013052156265574500000000000000 
110.7500 	0.011742496492390300000000000000 
111.0000 	0.010491315725906500000000000000 
111.2500 	0.009304686521282610000000000000 
111.5000 	0.008187725276781280000000000000 
111.7500 	0.007144585628962280000000000000 
112.0000 	0.006178451463050380000000000000 
112.2500 	0.005291529526843520000000000000 
112.5000 	0.004485041636168890000000000000 
112.7500 	0.003759216459521680000000000000 
113.0000 	0.003113280869134710000000000000 
113.2500 	0.002545450845325940000000000000 
113.5000 	0.002052921920553830000000000000 
113.7500 	0.001631859149178830000000000000 
114.0000 	0.001277386588480140000000000000 
114.2500 	0.000983576276011594000000000000 
114.5000 	0.000743436687897006000000000000 
114.7500 	0.000550059458249176000000000000 
115.0000 	0.000396984644429459000000000000 
115.2500 	0.000278221072426060000000000000 
115.5000 	0.000188248677543991000000000000 
115.7500 	0.000122021007436002000000000000 
116.0000 	0.000053030111231915600000000000 
116.2500 	0.000023046791338321600000000000 
116.5000 	0.000010016094227471000000000000 
116.7500 	0.000004352976607496990000000000 
117.0000 	0.000001891795835291410000000000 
117.2500 	0.000000822171080878800000000000 
117.5000 	0.000000357314078836254000000000 
117.7500 	0.000000155288058536593000000000 
118.0000 	0.000000067487912042545700000000 
118.2500 	0.000000029330125669573600000000 
118.5000 	0.000000012746820071284100000000 
118.7500 	0.000000005539745167142160000000 
119.0000 	0.000000002407563325225730000000 
119.2500 	0.000000001046322708010440000000 
119.5000 	0.000000000454729974421614000000 
119.7500 	0.000000000197624832238103000000 
120.0000 	0.000000000085887398047191500000 
120.2500 	0.000000000037326509324643700000 
120.5000 	0.000000000016222034082312900000 
120.7500 	0.000000000007050066950513960000 
121.0000 	0.000000000003063946466548320000 
121.2500 	0.000000000001331585645323490000 
121.5000 	0.000000000000578704735931333000 
121.7500 	0.000000000000251504041490319000 
122.0000 	0.000000000000109303205863982000 
122.2500 	0.000000000000047502977452567100 
122.5000 	0.000000000000020644708899637800 
122.7500 	0.000000000000008972153502932730 
123.0000 	0.000000000000003899281838825070 
123.2500 	0.000000000000001694620901617560 
123.5000 	0.000000000000000736479207941641 
123.7500 	0.000000000000000320072544374149 
124.0000 	0.000000000000000139102954377307 
124.2500 	0.000000000000000060453894770420 
124.5000 	0.000000000000000026273154364500 
124.7500 	0.000000000000000011418265818642 
125.0000 	0.000000000000000004962357869039 
125.2500 	0.000000000000000002156631839855 
125.5000 	0.000000000000000000937268334011 
125.7500 	0.000000000000000000407335138851 
126.0000 	0.000000000000000000177027121607 
126.2500 	0.000000000000000000076935669907 
126.5000 	0.000000000000000000033436104312 
126.7500 	0.000000000000000000014531271033 
127.0000 	0.000000000000000000006315264358 
127.2500 	0.000000000000000000002744602576 
127.5000 	0.000000000000000000001192799363 
127.7500 	0.000000000000000000000518388466 
128.0000 	0.000000000000000000000225290699 
128.2500 	0.000000000000000000000097910934 
128.5000 	0.000000000000000000000042551917 
128.7500 	0.000000000000000000000018492987 
129.0000 	0.000000000000000000000008037019 
129.2500 	0.000000000000000000000003492874 
129.5000 	0.000000000000000000000001517997 
129.7500 	0.000000000000000000000000659719 
130.0000 	0.000000000000000000000000286713 
130.2500 	0.000000000000000000000000124605 
130.5000 	0.000000000000000000000000054153 
130.7500 	0.000000000000000000000000023535 
131.0000 	0.000000000000000000000000010228 
131.2500 	0.000000000000000000000000004445 
131.5000 	0.000000000000000000000000001932 
131.7500 	0.000000000000000000000000000840 
132.0000 	0.000000000000000000000000000365 
132.2500 	0.000000000000000000000000000159 
132.5000 	0.000000000000000000000000000069 
132.7500 	0.000000000000000000000000000030 
133.0000 	0.000000000000000000000000000013 
133.2500 	0.000000000000000000000000000006 
133.5000 	0.000000000000000000000000000002 
133.7500 	0.000000000000000000000000000001 
134.0000 	0.000000000000000000000000000000 
134.2500 	0.000000000000000000000000000000 
134.5000 	0.000000000000000000000000000000 
134.7500 	0.000000000000000000000000000000 
135.0000 	0.000000000000000000000000000000 
135.2500 	0.000000000000000000000000000000 
135.5000 	0.000000000000000000000000000000 
135.7500 	0.000000000000000000000000000000 
136.0000 	0.000000000000000000000000000000 
136.2500 	0.000000000000000000000000000000 
136.5000 	0.000000000000000000000000000000 
136.7500 	0.000000000000000000000000000000 
137.0000 	0.000000000000000000000000000000 
137.2500 	0.000000000000000000000000000000 
137.5000 	0.000000000000000000000000000000 
137.7500 	0.000000000000000000000000000000 
138.0000 	0.000000000000000000000000000000 
138.2500 	0.000000000000000000000000000000 
138.5000 	0.000000000000000000000000000000 
138.7500 	0.000000000000000000000000000000 
139.0000 	0.000000000000000000000000000000 
139.2500 	0.000000000000000000000000000000 
139.5000 	0.000000000000000000000000000000 
139.7500 	0.000000000000000000000000000000 
400.0000 	0.000000000000000000000000000000 