0	0.34
0.03	0.34181
0.06	0.34361
0.09	0.34542
0.12	0.34722
0.15	0.34902
0.18	0.35082
0.21	0.35262
0.24	0.35442
0.27	0.35622
0.3	0.35801
0.33	0.3598
0.36	0.36159
0.39	0.36337
0.42	0.36516
0.45	0.36693
0.48	0.36871
0.51	0.37047
0.54	0.37224
0.57	0.374
0.6	0.37575
0.63	0.3775
0.66	0.37924
0.69	0.38098
0.72	0.38271
0.75	0.38443
0.78	0.38615
0.81	0.38786
0.84	0.38956
0.87	0.39126
0.9	0.39294
0.93	0.39462
0.96	0.39629
0.99	0.39795
1.02	0.39961
1.05	0.40125
1.08	0.40288
1.11	0.40451
1.14	0.40612
1.17	0.40772
1.2	0.40932
1.23	0.4109
1.26	0.41247
1.29	0.41403
1.32	0.41558
1.35	0.41711
1.38	0.41863
1.41	0.42015
1.44	0.42164
1.47	0.42313
1.5	0.4246
1.53	0.42606
1.56	0.4275
1.59	0.42893
1.62	0.43034
1.65	0.43174
1.68	0.43313
1.71	0.4345
1.74	0.43585
1.77	0.43719
1.8	0.43851
1.83	0.43982
1.86	0.44111
1.89	0.44238
1.92	0.44364
1.95	0.44488
1.98	0.4461
2.01	0.4473
2.04	0.44848
2.07	0.44965
2.1	0.4508
2.13	0.45193
2.16	0.45304
2.19	0.45414
2.22	0.45521
2.25	0.45628
2.28	0.45732
2.31	0.45835
2.34	0.45936
2.37	0.46036
2.4	0.46134
2.43	0.46231
2.46	0.46326
2.49	0.46419
2.52	0.46511
2.55	0.46601
2.58	0.4669
2.61	0.46778
2.64	0.46864
2.67	0.46948
2.7	0.47032
2.73	0.47113
2.76	0.47194
2.79	0.47273
2.82	0.47351
2.85	0.47427
2.88	0.47503
2.91	0.47577
2.94	0.47649
2.97	0.47721
3	0.47791
3.03	0.4786
3.06	0.47928
3.09	0.47995
3.12	0.4806
3.15	0.48125
3.18	0.48188
3.21	0.4825
3.24	0.48311
3.27	0.48372
3.3	0.48431
3.33	0.48489
3.36	0.48546
3.39	0.48602
3.42	0.48657
3.45	0.48712
3.48	0.48765
3.51	0.48817
3.54	0.48869
3.57	0.4892
3.6	0.4897
3.63	0.49019
3.66	0.49067
3.69	0.49114
3.72	0.49161
3.75	0.49207
3.78	0.49252
3.81	0.49297
3.84	0.49341
3.87	0.49384
3.9	0.49426
3.93	0.49468
3.96	0.49509
3.99	0.4955
4.02	0.4959
4.05	0.4963
4.08	0.49668
4.11	0.49707
4.14	0.49745
4.17	0.49782
4.2	0.49819
4.23	0.49855
4.26	0.49891
4.29	0.49927
4.32	0.49962
4.35	0.49997
4.38	0.50031
4.41	0.50065
4.44	0.50099
4.47	0.50132
4.5	0.50166
4.53	0.50198
4.56	0.50231
4.59	0.50263
4.62	0.50295
4.65	0.50327
4.68	0.50359
4.71	0.5039
4.74	0.50422
4.77	0.50453
4.8	0.50484
4.83	0.50515
4.86	0.50546
4.89	0.50577
4.92	0.50608
4.95	0.50639
4.98	0.5067
5.01	0.507
5.04	0.50731
5.07	0.50762
5.1	0.50793
5.13	0.50824
5.16	0.50855
5.19	0.50886
5.22001	0.50917
5.25001	0.50948
5.28001	0.50979
5.31001	0.5101
5.34001	0.51041
5.37001	0.51072
5.40001	0.51103
5.43001	0.51134
5.46001	0.51165
5.49001	0.51196
5.52001	0.51227
5.55001	0.51258
5.58001	0.51289
5.61001	0.5132
5.64001	0.51352
5.67001	0.51383
5.70001	0.51414
5.73001	0.51445
5.76001	0.51476
5.79001	0.51507
5.82001	0.51538
5.85001	0.5157
5.88001	0.51601
5.91001	0.51632
5.94001	0.51663
5.97001	0.51694
6.00001	0.51725
6.03001	0.51756
6.06001	0.51788
6.09001	0.51819
6.12001	0.5185
6.15001	0.51881
6.18001	0.51912
6.21001	0.51943
6.24001	0.51974
6.27001	0.52005
6.30001	0.52036
6.33001	0.52067
6.36001	0.52099
6.39001	0.5213
6.42001	0.52161
6.45001	0.52192
6.48001	0.52223
6.51001	0.52254
6.54001	0.52285
6.57001	0.52316
6.60001	0.52346
6.63001	0.52377
6.66002	0.52408
6.69002	0.52439
6.72002	0.5247
6.75002	0.52501
6.78002	0.52532
6.81002	0.52562
6.84002	0.52593
6.87002	0.52624
6.90002	0.52655
6.93002	0.52685
6.96002	0.52716
6.99002	0.52747
7.02002	0.52777
7.05002	0.52808
7.08002	0.52838
7.11002	0.52869
7.14002	0.52899
7.17002	0.5293
7.20002	0.5296
7.23002	0.5299
7.26002	0.53021
7.29002	0.53051
7.32002	0.53081
7.35002	0.53112
7.38002	0.53142
7.41002	0.53172
7.44002	0.53202
7.47002	0.53232
7.50002	0.53262
7.53002	0.53292
7.56002	0.53322
7.59002	0.53352
7.62002	0.53382
7.65002	0.53412
7.68002	0.53441
7.71002	0.53471
7.74002	0.53501
7.77002	0.5353
7.80002	0.5356
7.83002	0.53589
7.86002	0.53619
7.89002	0.53648
7.92002	0.53678
7.95002	0.53707
7.98002	0.53736
8.01002	0.53765
8.04002	0.53794
8.07002	0.53824
8.10002	0.53853
8.13002	0.53882
8.16002	0.5391
8.19002	0.53939
8.22002	0.53968
8.25002	0.53997
8.28002	0.54025
8.31002	0.54054
8.34002	0.54083
8.37002	0.54111
8.40002	0.5414
8.43002	0.54168
8.46002	0.54196
8.49002	0.54224
8.52002	0.54252
8.55002	0.54281
8.58002	0.54309
8.61002	0.54336
8.64002	0.54364
8.67002	0.54392
8.70002	0.5442
8.73002	0.54448
8.76002	0.54475
8.79002	0.54503
8.82002	0.5453
8.85002	0.54557
8.88002	0.54585
8.91002	0.54612
8.94002	0.54639
8.97002	0.54666
9.00002	0.54693
9.03001	0.5472
9.06001	0.54747
9.09001	0.54773
9.12001	0.548
9.15001	0.54826
9.18001	0.54853
9.21001	0.54879
9.24001	0.54905
9.27001	0.54932
9.30001	0.54958
9.33001	0.54984
9.36001	0.5501
9.39001	0.55036
9.42001	0.55061
9.45001	0.55087
9.48001	0.55112
9.51001	0.55138
9.54001	0.55163
9.57001	0.55189
9.60001	0.55214
9.63001	0.55239
9.66001	0.55264
9.69001	0.55289
9.72001	0.55313
9.75001	0.55338
9.78001	0.55363
9.81001	0.55387
9.84001	0.55412
9.87001	0.55436
9.90001	0.5546
9.93001	0.55484
9.96001	0.55508
9.99001	0.55532
10.02001	0.55556
10.05001	0.55579
10.08001	0.55603
10.11001	0.55626
10.14001	0.5565
10.17	0.55673
10.2	0.55696
10.23	0.55719
10.26	0.55742
10.29	0.55765
10.32	0.55787
10.35	0.5581
10.38	0.55833
10.41	0.55855
10.44	0.55877
10.47	0.559
10.5	0.55922
10.53	0.55944
10.56	0.55966
10.59	0.55988
10.62	0.56009
10.65	0.56031
10.68	0.56053
10.71	0.56074
10.74	0.56095
10.77	0.56117
10.8	0.56138
10.83	0.56159
10.86	0.5618
10.89	0.56201
10.92	0.56222
10.95	0.56243
10.98	0.56263
11.01	0.56284
11.04	0.56305
11.07	0.56325
11.1	0.56345
11.13	0.56366
11.16	0.56386
11.19	0.56406
11.22	0.56426
11.25	0.56446
11.27999	0.56466
11.30999	0.56485
11.33999	0.56505
11.36999	0.56525
11.39999	0.56544
11.42999	0.56564
11.45999	0.56583
11.48999	0.56603
11.51999	0.56622
11.54999	0.56641
11.57999	0.5666
11.60999	0.56679
11.63999	0.56698
11.66999	0.56717
11.69999	0.56736
11.72999	0.56754
11.75999	0.56773
11.78999	0.56792
11.81999	0.5681
11.84999	0.56829
11.87999	0.56847
11.90999	0.56865
11.93999	0.56884
11.96999	0.56902
11.99999	0.5692
12.02999	0.56938
12.05999	0.56956
12.08999	0.56974
12.11999	0.56992
12.14999	0.57009
12.17999	0.57027
12.20999	0.57045
12.23999	0.57062
12.26999	0.5708
12.29999	0.57097
12.32999	0.57115
12.35999	0.57132
12.38999	0.5715
12.41998	0.57167
12.44998	0.57184
12.47998	0.57201
12.50998	0.57218
12.53998	0.57235
12.56998	0.57252
12.59998	0.57269
12.62998	0.57286
12.65998	0.57303
12.68998	0.5732
12.71998	0.57336
12.74998	0.57353
12.77998	0.5737
12.80998	0.57386
12.83998	0.57403
12.86998	0.57419
12.89998	0.57435
12.92998	0.57452
12.95998	0.57468
12.98998	0.57484
13.01998	0.57501
13.04998	0.57517
13.07998	0.57533
13.10998	0.57549
13.13998	0.57565
13.16998	0.57581
13.19998	0.57597
13.22998	0.57613
13.25998	0.57629
13.28998	0.57645
13.31998	0.5766
13.34998	0.57676
13.37998	0.57692
13.40998	0.57708
13.43998	0.57723
13.46998	0.57739
13.49998	0.57754
13.52997	0.5777
13.55997	0.57785
13.58997	0.57801
13.61997	0.57816
13.64997	0.57832
13.67997	0.57847
13.70997	0.57862
13.73997	0.57878
13.76997	0.57893
13.79997	0.57908
13.82997	0.57923
13.85997	0.57939
13.88997	0.57954
13.91997	0.57969
13.94997	0.57984
13.97997	0.57999
14.00997	0.58014
14.03997	0.58029
14.06997	0.58044
14.09997	0.58059
14.12997	0.58074
14.15997	0.58089
14.18997	0.58104
14.21997	0.58119
14.24997	0.58134
14.27997	0.58149
14.30997	0.58163
14.33997	0.58178
14.36997	0.58193
14.39997	0.58208
14.42997	0.58222
14.45997	0.58237
14.48997	0.58252
14.51997	0.58267
14.54997	0.58281
14.57997	0.58296
14.60997	0.58311
14.63997	0.58325
14.66996	0.5834
14.69996	0.58354
14.72996	0.58369
14.75996	0.58384
14.78996	0.58398
14.81996	0.58413
14.84996	0.58427
14.87996	0.58442
14.90996	0.58456
14.93996	0.58471
14.96996	0.58485
14.99996	0.585
15.02996	0.58514
15.05996	0.58529
15.08996	0.58544
15.11996	0.58558
15.14996	0.58572
15.17996	0.58587
15.20996	0.58601
15.23996	0.58616
15.26996	0.5863
15.29996	0.58645
15.32996	0.58659
15.35996	0.58674
15.38996	0.58688
15.41996	0.58703
15.44996	0.58717
15.47996	0.58731
15.50996	0.58746
15.53996	0.5876
15.56996	0.58775
15.59996	0.58789
15.62996	0.58804
15.65996	0.58818
15.68996	0.58832
15.71996	0.58847
15.74996	0.58861
15.77995	0.58875
15.80995	0.5889
15.83995	0.58904
15.86995	0.58919
15.89995	0.58933
15.92995	0.58947
15.95995	0.58962
15.98995	0.58976
16.01995	0.5899
16.04995	0.59005
16.07995	0.59019
16.10995	0.59033
16.13996	0.59047
16.16996	0.59062
16.19996	0.59076
16.22996	0.5909
16.25996	0.59105
16.28996	0.59119
16.31996	0.59133
16.34996	0.59147
16.37996	0.59162
16.40996	0.59176
16.43996	0.5919
16.46996	0.59204
16.49996	0.59219
16.52996	0.59233
16.55997	0.59247
16.58997	0.59261
16.61997	0.59276
16.64997	0.5929
16.67997	0.59304
16.70997	0.59318
16.73997	0.59332
16.76997	0.59347
16.79997	0.59361
16.82997	0.59375
16.85997	0.59389
16.88997	0.59403
16.91997	0.59417
16.94997	0.59432
16.97997	0.59446
17.00998	0.5946
17.03998	0.59474
17.06998	0.59488
17.09998	0.59502
17.12998	0.59517
17.15998	0.59531
17.18998	0.59545
17.21998	0.59559
17.24998	0.59573
17.27998	0.59587
17.30998	0.59601
17.33998	0.59615
17.36998	0.59629
17.39998	0.59643
17.42999	0.59658
17.45999	0.59672
17.48999	0.59686
17.51999	0.597
17.54999	0.59714
17.57999	0.59728
17.60999	0.59742
17.63999	0.59756
17.66999	0.5977
17.69999	0.59784
17.72999	0.59798
17.75999	0.59812
17.78999	0.59826
17.81999	0.5984
17.84999	0.59854
17.88	0.59868
17.91	0.59882
17.94	0.59896
17.97	0.5991
18	0.59924
18.03	0.59938
18.06	0.59952
18.09	0.59966
18.12	0.5998
18.15	0.59994
18.18	0.60008
18.21	0.60022
18.24	0.60036
18.27	0.6005
18.3	0.60064
18.33001	0.60078
18.36001	0.60092
18.39001	0.60105
18.42001	0.60119
18.45001	0.60133
18.48001	0.60147
18.51001	0.60161
18.54001	0.60175
18.57001	0.60189
18.60001	0.60203
18.63001	0.60217
18.66001	0.60231
18.69001	0.60244
18.72001	0.60258
18.75002	0.60272
18.78002	0.60286
18.81002	0.603
18.84002	0.60314
18.87002	0.60328
18.90002	0.60341
18.93002	0.60355
18.96002	0.60369
18.99002	0.60383
19.02002	0.60397
19.05002	0.60411
19.08002	0.60424
19.11002	0.60438
19.14002	0.60452
19.17002	0.60466
19.20003	0.6048
19.23003	0.60493
19.26003	0.60507
19.29003	0.60521
19.32003	0.60535
19.35003	0.60549
19.38003	0.60562
19.41003	0.60576
19.44003	0.6059
19.47003	0.60604
19.50003	0.60617
19.53003	0.60631
19.56003	0.60645
19.59003	0.60659
19.62004	0.60672
19.65004	0.60686
19.68004	0.607
19.71004	0.60714
19.74004	0.60727
19.77004	0.60741
19.80004	0.60755
19.83004	0.60768
19.86004	0.60782
19.89004	0.60796
19.92004	0.6081
19.95004	0.60823
19.98004	0.60837
20.01004	0.60851
20.04004	0.60864
20.07005	0.60878
20.10005	0.60892
20.13005	0.60905
20.16005	0.60919
20.19005	0.60933
20.22005	0.60946
20.25005	0.6096
20.28005	0.60974
20.31005	0.60987
20.34005	0.61001
20.37005	0.61015
20.40005	0.61028
20.43005	0.61042
20.46005	0.61055
20.49006	0.61069
20.52006	0.61083
20.55006	0.61096
20.58006	0.6111
20.61006	0.61124
20.64006	0.61137
20.67006	0.61151
20.70006	0.61164
20.73006	0.61178
20.76006	0.61191
20.79006	0.61205
20.82006	0.61219
20.85006	0.61232
20.88006	0.61246
20.91006	0.61259
20.94007	0.61273
20.97007	0.61286
21.00007	0.613
21.03007	0.61314
21.06007	0.61327
21.09007	0.61341
21.12007	0.61354
21.15007	0.61368
21.18007	0.61381
21.21007	0.61395
21.24007	0.61408
21.27007	0.61422
21.30007	0.61435
21.33007	0.61449
21.36007	0.61462
21.39008	0.61476
21.42008	0.61489
21.45008	0.61503
21.48008	0.61516
21.51008	0.6153
21.54008	0.61543
21.57008	0.61557
21.60008	0.61571
21.63008	0.61584
21.66008	0.61598
21.69008	0.61611
21.72008	0.61625
21.75008	0.61638
21.78008	0.61651
21.81009	0.61665
21.84009	0.61678
21.87009	0.61692
21.90009	0.61705
21.93009	0.61719
21.96009	0.61732
21.99009	0.61746
22.02009	0.61759
22.05009	0.61773
22.08009	0.61786
22.11009	0.618
22.14009	0.61813
22.17009	0.61827
22.20009	0.6184
22.23009	0.61854
22.2601	0.61867
22.2901	0.61881
22.3201	0.61894
22.3501	0.61908
22.3801	0.61921
22.4101	0.61935
22.4401	0.61949
22.4701	0.61962
22.5001	0.61976
22.5301	0.61989
22.5601	0.62003
22.5901	0.62016
22.6201	0.6203
22.6501	0.62043
22.68011	0.62057
22.71011	0.6207
22.74011	0.62084
22.77011	0.62097
22.80011	0.62111
22.83011	0.62124
22.86011	0.62138
22.89011	0.62152
22.92011	0.62165
22.95011	0.62179
22.98011	0.62192
23.01011	0.62206
23.04011	0.62219
23.07011	0.62233
23.10011	0.62247
23.13012	0.6226
23.16012	0.62274
23.19012	0.62287
23.22012	0.62301
23.25012	0.62315
23.28012	0.62328
23.31012	0.62342
23.34012	0.62355
23.37012	0.62369
23.40012	0.62383
23.43012	0.62396
23.46012	0.6241
23.49012	0.62424
23.52012	0.62437
23.55013	0.62451
23.58013	0.62465
23.61013	0.62478
23.64013	0.62492
23.67013	0.62506
23.70013	0.62519
23.73013	0.62533
23.76013	0.62547
23.79013	0.62561
23.82013	0.62574
23.85013	0.62588
23.88013	0.62602
23.91013	0.62616
23.94013	0.62629
23.97013	0.62643
24.00014	0.62657
24.03014	0.62671
24.06014	0.62685
24.09014	0.62698
24.12014	0.62712
24.15014	0.62726
24.18014	0.6274
24.21014	0.62754
24.24014	0.62768
24.27014	0.62781
24.30014	0.62795
24.33014	0.62809
24.36014	0.62823
24.39014	0.62837
24.42015	0.62851
24.45015	0.62865
24.48015	0.62879
24.51015	0.62893
24.54015	0.62907
24.57015	0.62921
24.60015	0.62935
24.63015	0.62949
24.66015	0.62963
24.69015	0.62977
24.72015	0.62991
24.75015	0.63005
24.78015	0.63019
24.81015	0.63033
24.84015	0.63047
24.87016	0.63061
24.90016	0.63075
24.93016	0.63089
24.96016	0.63103
24.99016	0.63117
25.02016	0.63132
25.05016	0.63146
25.08016	0.6316
25.11016	0.63174
25.14016	0.63188
25.17016	0.63202
25.20016	0.63217
25.23016	0.63231
25.26016	0.63245
25.29016	0.63259
25.32017	0.63273
25.35017	0.63288
25.38017	0.63302
25.41017	0.63316
25.44017	0.6333
25.47017	0.63345
25.50017	0.63359
25.53017	0.63373
25.56017	0.63387
25.59017	0.63402
25.62017	0.63416
25.65017	0.6343
25.68017	0.63445
25.71017	0.63459
25.74018	0.63473
25.77018	0.63487
25.80018	0.63502
25.83018	0.63516
25.86018	0.6353
25.89018	0.63545
25.92018	0.63559
25.95018	0.63573
25.98018	0.63588
26.01018	0.63602
26.04018	0.63616
26.07018	0.63631
26.10018	0.63645
26.13018	0.63659
26.16018	0.63674
26.19019	0.63688
26.22019	0.63702
26.25019	0.63717
26.28019	0.63731
26.31019	0.63746
26.34019	0.6376
26.37019	0.63774
26.40019	0.63789
26.43019	0.63803
26.46019	0.63817
26.49019	0.63832
26.52019	0.63846
26.55019	0.6386
26.58019	0.63875
26.6102	0.63889
26.6402	0.63903
26.6702	0.63918
26.7002	0.63932
26.7302	0.63946
26.7602	0.63961
26.7902	0.63975
26.8202	0.6399
26.8502	0.64004
26.8802	0.64018
26.9102	0.64032
26.9402	0.64047
26.9702	0.64061
27.0002	0.64075
27.0302	0.6409
27.06021	0.64104
27.09021	0.64118
27.12021	0.64133
27.15021	0.64147
27.18021	0.64161
27.21021	0.64176
27.24021	0.6419
27.27021	0.64204
27.30021	0.64218
27.33021	0.64233
27.36021	0.64247
27.39021	0.64261
27.42021	0.64275
27.45021	0.6429
27.48022	0.64304
27.51022	0.64318
27.54022	0.64332
27.57022	0.64346
27.60022	0.64361
27.63022	0.64375
27.66022	0.64389
27.69022	0.64403
27.72022	0.64417
27.75022	0.64431
27.78022	0.64445
27.81022	0.6446
27.84022	0.64474
27.87022	0.64488
27.90022	0.64502
27.93023	0.64516
27.96023	0.6453
27.99023	0.64544
28.02023	0.64558
28.05023	0.64572
28.08023	0.64586
28.11023	0.646
28.14023	0.64614
28.17023	0.64628
28.20023	0.64642
28.23023	0.64656
28.26023	0.6467
28.29023	0.64684
28.32023	0.64698
28.35023	0.64712
28.38024	0.64726
28.41024	0.6474
28.44024	0.64754
28.47024	0.64767
28.50024	0.64781
28.53024	0.64795
28.56024	0.64809
28.59024	0.64823
28.62024	0.64837
28.65024	0.6485
28.68024	0.64864
28.71024	0.64878
28.74024	0.64891
28.77024	0.64905
28.80025	0.64919
28.83025	0.64933
28.86025	0.64946
28.89025	0.6496
28.92025	0.64973
28.95025	0.64987
28.98025	0.65001
29.01025	0.65014
29.04025	0.65028
29.07025	0.65041
29.10025	0.65055
29.13025	0.65068
29.16025	0.65082
29.19025	0.65095
29.22025	0.65109
29.25026	0.65122
29.28026	0.65135
29.31026	0.65149
29.34026	0.65162
29.37026	0.65175
29.40026	0.65189
29.43026	0.65202
29.46026	0.65215
29.49026	0.65229
29.52026	0.65242
29.55026	0.65255
29.58026	0.65268
29.61026	0.65281
29.64026	0.65294
29.67027	0.65307
29.70027	0.65321
29.73027	0.65334
29.76027	0.65347
29.79027	0.6536
29.82027	0.65373
29.85027	0.65386
29.88027	0.65399
29.91027	0.65412
29.94027	0.65424
29.97027	0.65437
30.00027	0.6545
30.03027	0.65463
30.06027	0.65476
30.09027	0.65488
30.12028	0.65501
30.15028	0.65514
30.18028	0.65527
30.21028	0.65539
30.24028	0.65552
30.27028	0.65565
30.30028	0.65577
30.33028	0.6559
30.36028	0.65602
30.39028	0.65615
30.42028	0.65627
30.45028	0.6564
30.48028	0.65652
30.51028	0.65665
30.54029	0.65677
30.57029	0.65689
30.60029	0.65702
30.63029	0.65714
30.66029	0.65726
30.69029	0.65739
30.72029	0.65751
30.75029	0.65763
30.78029	0.65775
30.81029	0.65788
30.84029	0.658
30.87029	0.65812
30.90029	0.65824
30.93029	0.65836
30.96029	0.65848
30.9903	0.6586
31.0203	0.65872
31.0503	0.65884
31.0803	0.65896
31.1103	0.65908
31.1403	0.6592
31.1703	0.65932
31.2003	0.65944
31.2303	0.65956
31.2603	0.65968
31.2903	0.6598
31.3203	0.65992
31.3503	0.66004
31.3803	0.66015
31.41031	0.66027
31.44031	0.66039
31.47031	0.66051
31.50031	0.66062
31.53031	0.66074
31.56031	0.66086
31.59031	0.66097
31.62031	0.66109
31.65031	0.66121
31.68031	0.66132
31.71031	0.66144
31.74031	0.66155
31.77031	0.66167
31.80031	0.66178
31.83031	0.6619
31.86032	0.66201
31.89032	0.66213
31.92032	0.66224
31.95032	0.66236
31.98032	0.66247
32.01032	0.66258
32.04032	0.6627
32.07032	0.66281
32.10032	0.66293
32.13031	0.66304
32.16031	0.66315
32.19031	0.66326
32.22031	0.66338
32.25031	0.66349
32.28031	0.6636
32.31031	0.66371
32.34031	0.66383
32.3703	0.66394
32.4003	0.66405
32.4303	0.66416
32.4603	0.66427
32.4903	0.66438
32.5203	0.66449
32.5503	0.6646
32.5803	0.66472
32.61029	0.66483
32.64029	0.66494
32.67029	0.66505
32.70029	0.66516
32.73029	0.66527
32.76029	0.66538
32.79029	0.66549
32.82029	0.6656
32.85028	0.6657
32.88028	0.66581
32.91028	0.66592
32.94028	0.66603
32.97028	0.66614
33.00028	0.66625
33.03028	0.66636
33.06028	0.66647
33.09027	0.66657
33.12027	0.66668
33.15027	0.66679
33.18027	0.6669
33.21027	0.667
33.24027	0.66711
33.27027	0.66722
33.30027	0.66733
33.33027	0.66743
33.36026	0.66754
33.39026	0.66765
33.42026	0.66775
33.45026	0.66786
33.48026	0.66797
33.51026	0.66807
33.54026	0.66818
33.57026	0.66829
33.60025	0.66839
33.63025	0.6685
33.66025	0.6686
33.69025	0.66871
33.72025	0.66881
33.75025	0.66892
33.78025	0.66902
33.81025	0.66913
33.84024	0.66923
33.87024	0.66934
33.90024	0.66944
33.93024	0.66955
33.96024	0.66965
33.99024	0.66976
34.02024	0.66986
34.05024	0.66997
34.08023	0.67007
34.11023	0.67017
34.14023	0.67028
34.17023	0.67038
34.20023	0.67049
34.23023	0.67059
34.26023	0.67069
34.29023	0.6708
34.32022	0.6709
34.35022	0.671
34.38022	0.67111
34.41022	0.67121
34.44022	0.67131
34.47022	0.67141
34.50022	0.67152
34.53022	0.67162
34.56021	0.67172
34.59021	0.67182
34.62021	0.67193
34.65021	0.67203
34.68021	0.67213
34.71021	0.67223
34.74021	0.67234
34.77021	0.67244
34.80021	0.67254
34.8302	0.67264
34.8602	0.67274
34.8902	0.67285
34.9202	0.67295
34.9502	0.67305
34.9802	0.67315
35.0102	0.67325
35.0402	0.67335
35.07019	0.67345
35.10019	0.67356
35.13019	0.67366
35.16019	0.67376
35.19019	0.67386
35.22019	0.67396
35.25019	0.67406
35.28019	0.67416
35.31018	0.67426
35.34018	0.67436
35.37018	0.67446
35.40018	0.67456
35.43018	0.67466
35.46018	0.67476
35.49018	0.67487
35.52018	0.67497
35.55017	0.67507
35.58017	0.67517
35.61017	0.67527
35.64017	0.67537
35.67017	0.67547
35.70017	0.67557
35.73017	0.67567
35.76017	0.67577
35.79016	0.67587
35.82016	0.67597
35.85016	0.67607
35.88016	0.67617
35.91016	0.67627
35.94016	0.67637
35.97016	0.67647
36.00016	0.67657
36.03016	0.67667
36.06015	0.67676
36.09015	0.67686
36.12015	0.67696
36.15015	0.67706
36.18015	0.67716
36.21015	0.67726
36.24015	0.67736
36.27015	0.67746
36.30014	0.67756
36.33014	0.67766
36.36014	0.67776
36.39014	0.67786
36.42014	0.67796
36.45014	0.67806
36.48014	0.67816
36.51014	0.67826
36.54013	0.67836
36.57013	0.67845
36.60013	0.67855
36.63013	0.67865
36.66013	0.67875
36.69013	0.67885
36.72013	0.67895
36.75013	0.67905
36.78012	0.67915
36.81012	0.67925
36.84012	0.67935
36.87012	0.67945
36.90012	0.67955
36.93012	0.67965
36.96012	0.67974
36.99012	0.67984
37.02011	0.67994
37.05011	0.68004
37.08011	0.68014
37.11011	0.68024
37.14011	0.68034
37.17011	0.68044
37.20011	0.68054
37.23011	0.68064
37.26011	0.68074
37.2901	0.68084
37.3201	0.68094
37.3501	0.68103
37.3801	0.68113
37.4101	0.68123
37.4401	0.68133
37.4701	0.68143
37.5001	0.68153
37.53009	0.68163
37.56009	0.68173
37.59009	0.68183
37.62009	0.68193
37.65009	0.68203
37.68009	0.68213
37.71009	0.68223
37.74009	0.68233
37.77008	0.68243
37.80008	0.68253
37.83008	0.68263
37.86008	0.68273
37.89008	0.68283
37.92008	0.68293
37.95008	0.68303
37.98008	0.68313
38.01007	0.68323
38.04007	0.68333
38.07007	0.68343
38.10007	0.68353
38.13007	0.68363
38.16007	0.68373
38.19007	0.68383
38.22007	0.68393
38.25006	0.68403
38.28006	0.68413
38.31006	0.68423
38.34006	0.68433
38.37006	0.68443
38.40006	0.68453
38.43006	0.68463
38.46006	0.68473
38.49006	0.68483
38.52005	0.68493
38.55005	0.68503
38.58005	0.68513
38.61005	0.68523
38.64005	0.68534
38.67005	0.68544
38.70005	0.68554
38.73005	0.68564
38.76004	0.68574
38.79004	0.68584
38.82004	0.68594
38.85004	0.68604
38.88004	0.68615
38.91004	0.68625
38.94004	0.68635
38.97004	0.68645
39.00003	0.68655
39.03003	0.68666
39.06003	0.68676
39.09003	0.68686
39.12003	0.68696
39.15003	0.68706
39.18003	0.68717
39.21003	0.68727
39.24002	0.68737
39.27002	0.68747
39.30002	0.68758
39.33002	0.68768
39.36002	0.68778
39.39002	0.68789
39.42002	0.68799
39.45002	0.68809
39.48001	0.68819
39.51001	0.6883
39.54001	0.6884
39.57001	0.6885
39.60001	0.68861
39.63001	0.68871
39.66001	0.68882
39.69001	0.68892
39.72001	0.68902
39.75	0.68913
39.78	0.68923
39.81	0.68934
39.84	0.68944
39.87	0.68955
39.9	0.68965
39.93	0.68976
39.96	0.68986
39.98999	0.68996
40.01999	0.69007
40.04999	0.69018
40.07999	0.69028
40.10999	0.69039
40.13999	0.69049
40.16999	0.6906
40.19999	0.6907
40.22998	0.69081
40.25998	0.69092
40.28998	0.69102
40.31998	0.69113
40.34998	0.69123
40.37998	0.69134
40.40998	0.69145
40.43998	0.69155
40.46997	0.69166
40.49997	0.69177
40.52997	0.69187
40.55997	0.69198
40.58997	0.69209
40.61997	0.6922
40.64997	0.6923
40.67997	0.69241
40.70996	0.69252
40.73996	0.69263
40.76996	0.69273
40.79996	0.69284
40.82996	0.69295
40.85996	0.69306
40.88996	0.69316
40.91996	0.69327
40.94995	0.69338
40.97995	0.69349
41.00995	0.6936
41.03995	0.69371
41.06995	0.69382
41.09995	0.69392
41.12995	0.69403
41.15995	0.69414
41.18995	0.69425
41.21994	0.69436
41.24994	0.69447
41.27994	0.69458
41.30994	0.69469
41.33994	0.6948
41.36994	0.69491
41.39994	0.69502
41.42994	0.69513
41.45993	0.69524
41.48993	0.69535
41.51993	0.69546
41.54993	0.69557
41.57993	0.69568
41.60993	0.69579
41.63993	0.6959
41.66993	0.69601
41.69992	0.69612
41.72992	0.69623
41.75992	0.69634
41.78992	0.69645
41.81992	0.69656
41.84992	0.69667
41.87992	0.69678
41.90992	0.69689
41.93991	0.697
41.96991	0.69711
41.99991	0.69722
42.02991	0.69734
42.05991	0.69745
42.08991	0.69756
42.11991	0.69767
42.14991	0.69778
42.1799	0.69789
42.2099	0.698
42.2399	0.69812
42.2699	0.69823
42.2999	0.69834
42.3299	0.69845
42.3599	0.69856
42.3899	0.69867
42.4199	0.69879
42.44989	0.6989
42.47989	0.69901
42.50989	0.69912
42.53989	0.69924
42.56989	0.69935
42.59989	0.69946
42.62989	0.69957
42.65989	0.69968
42.68988	0.6998
42.71988	0.69991
42.74988	0.70002
42.77988	0.70013
42.80988	0.70025
42.83988	0.70036
42.86988	0.70047
42.89988	0.70059
42.92987	0.7007
42.95987	0.70081
42.98987	0.70092
43.01987	0.70104
43.04987	0.70115
43.07987	0.70126
43.10987	0.70138
43.13987	0.70149
43.16986	0.7016
43.19986	0.70172
43.22986	0.70183
43.25986	0.70194
43.28986	0.70206
43.31986	0.70217
43.34986	0.70228
43.37986	0.7024
43.40985	0.70251
43.43985	0.70262
43.46985	0.70274
43.49985	0.70285
43.52985	0.70296
43.55985	0.70308
43.58985	0.70319
43.61985	0.7033
43.64985	0.70342
43.67984	0.70353
43.70984	0.70365
43.73984	0.70376
43.76984	0.70387
43.79984	0.70399
43.82984	0.7041
43.85984	0.70422
43.88984	0.70433
43.91983	0.70444
43.94983	0.70456
43.97983	0.70467
44.00983	0.70479
44.03983	0.7049
44.06983	0.70501
44.09983	0.70513
44.12983	0.70524
44.15982	0.70536
44.18982	0.70547
44.21982	0.70558
44.24982	0.7057
44.27982	0.70581
44.30982	0.70593
44.33982	0.70604
44.36982	0.70615
44.39981	0.70627
44.42981	0.70638
44.45981	0.7065
44.48981	0.70661
44.51981	0.70673
44.54981	0.70684
44.57981	0.70695
44.60981	0.70707
44.6398	0.70718
44.6698	0.7073
44.6998	0.70741
44.7298	0.70753
44.7598	0.70764
44.7898	0.70775
44.8198	0.70787
44.8498	0.70798
44.8798	0.7081
44.90979	0.70821
44.93979	0.70833
44.96979	0.70844
44.99979	0.70855
45.02979	0.70867
45.05979	0.70878
45.08979	0.7089
45.11979	0.70901
45.14978	0.70913
45.17978	0.70924
45.20978	0.70935
45.23978	0.70947
45.26978	0.70958
45.29978	0.7097
45.32978	0.70981
45.35978	0.70992
45.38977	0.71004
45.41977	0.71015
45.44977	0.71027
45.47977	0.71038
45.50977	0.7105
45.53977	0.71061
45.56977	0.71072
45.59977	0.71084
45.62976	0.71095
45.65976	0.71107
45.68976	0.71118
45.71976	0.71129
45.74976	0.71141
45.77976	0.71152
45.80976	0.71164
45.83976	0.71175
45.86975	0.71186
45.89975	0.71198
45.92975	0.71209
45.95975	0.7122
45.98975	0.71232
46.01975	0.71243
46.04975	0.71255
46.07975	0.71266
46.10975	0.71277
46.13974	0.71289
46.16974	0.713
46.19974	0.71311
46.22974	0.71323
46.25974	0.71334
46.28974	0.71345
46.31974	0.71357
46.34974	0.71368
46.37973	0.71379
46.40973	0.71391
46.43973	0.71402
46.46973	0.71413
46.49973	0.71425
46.52973	0.71436
46.55973	0.71447
46.58973	0.71459
46.61972	0.7147
46.64972	0.71481
46.67972	0.71493
46.70972	0.71504
46.73972	0.71515
46.76972	0.71526
46.79972	0.71538
46.82972	0.71549
46.85971	0.7156
46.88971	0.71572
46.91971	0.71583
46.94971	0.71594
46.97971	0.71605
47.00971	0.71617
47.03971	0.71628
47.06971	0.71639
47.0997	0.7165
47.1297	0.71662
47.1597	0.71673
47.1897	0.71684
47.2197	0.71695
47.2497	0.71706
47.2797	0.71718
47.3097	0.71729
47.33969	0.7174
47.36969	0.71751
47.39969	0.71762
47.42969	0.71773
47.45969	0.71785
47.48969	0.71796
47.51969	0.71807
47.54969	0.71818
47.57969	0.71829
47.60968	0.7184
47.63968	0.71851
47.66968	0.71863
47.69968	0.71874
47.72968	0.71885
47.75968	0.71896
47.78968	0.71907
47.81968	0.71918
47.84967	0.71929
47.87967	0.7194
47.90967	0.71951
47.93967	0.71962
47.96967	0.71973
47.99967	0.71984
48.02967	0.71995
48.05967	0.72006
48.08966	0.72017
48.11966	0.72028
48.14966	0.72039
48.17966	0.7205
48.20966	0.72061
48.23966	0.72072
48.26966	0.72083
48.29966	0.72094
48.32965	0.72105
48.35965	0.72116
48.38965	0.72127
48.41965	0.72138
48.44965	0.72149
48.47965	0.7216
48.50965	0.72171
48.53965	0.72182
48.56964	0.72193
48.59964	0.72203
48.62964	0.72214
48.65964	0.72225
48.68964	0.72236
48.71964	0.72247
48.74964	0.72258
48.77964	0.72269
48.80964	0.72279
48.83963	0.7229
48.86963	0.72301
48.89963	0.72312
48.92963	0.72322
48.95963	0.72333
48.98963	0.72344
49.01963	0.72355
49.04963	0.72365
49.07962	0.72376
49.10962	0.72387
49.13962	0.72398
49.16962	0.72408
49.19962	0.72419
49.22962	0.7243
49.25962	0.7244
49.28962	0.72451
49.31961	0.72462
49.34961	0.72472
49.37961	0.72483
49.40961	0.72493
49.43961	0.72504
49.46961	0.72515
49.49961	0.72525
49.52961	0.72536
49.5596	0.72546
49.5896	0.72557
49.6196	0.72567
49.6496	0.72578
49.6796	0.72588
49.7096	0.72599
49.7396	0.72609
49.7696	0.7262
49.79959	0.7263
49.82959	0.72641
49.85959	0.72651
49.88959	0.72662
49.91959	0.72672
49.94959	0.72683
49.97959	0.72693
50.00959	0.72703
50.03959	0.72714
50.06958	0.72724
50.09958	0.72734
50.12958	0.72745
50.15958	0.72755
50.18958	0.72765
50.21958	0.72776
50.24958	0.72786
50.27958	0.72796
50.30957	0.72806
50.33957	0.72817
50.36957	0.72827
50.39957	0.72837
50.42957	0.72847
50.45957	0.72858
50.48957	0.72868
50.51957	0.72878
50.54956	0.72888
50.57956	0.72898
50.60956	0.72908
50.63956	0.72919
50.66956	0.72929
50.69956	0.72939
50.72956	0.72949
50.75956	0.72959
50.78955	0.72969
50.81955	0.72979
50.84955	0.72989
50.87955	0.72999
50.90955	0.73009
50.93955	0.73019
50.96955	0.73029
50.99955	0.73039
51.02954	0.73049
51.05954	0.73059
51.08954	0.73069
51.11954	0.73079
51.14954	0.73089
51.17954	0.73099
51.20954	0.73109
51.23954	0.73119
51.26954	0.73129
51.29953	0.73139
51.32953	0.73149
51.35953	0.73159
51.38953	0.73168
51.41953	0.73178
51.44953	0.73188
51.47953	0.73198
51.50953	0.73208
51.53952	0.73218
51.56952	0.73228
51.59952	0.73237
51.62952	0.73247
51.65952	0.73257
51.68952	0.73267
51.71952	0.73276
51.74952	0.73286
51.77951	0.73296
51.80951	0.73306
51.83951	0.73315
51.86951	0.73325
51.89951	0.73335
51.92951	0.73345
51.95951	0.73354
51.98951	0.73364
52.0195	0.73374
52.0495	0.73383
52.0795	0.73393
52.1095	0.73403
52.1395	0.73412
52.1695	0.73422
52.1995	0.73432
52.2295	0.73441
52.25949	0.73451
52.28949	0.7346
52.31949	0.7347
52.34949	0.7348
52.37949	0.73489
52.40949	0.73499
52.43949	0.73508
52.46949	0.73518
52.49949	0.73527
52.52948	0.73537
52.55948	0.73546
52.58948	0.73556
52.61948	0.73565
52.64948	0.73575
52.67948	0.73584
52.70948	0.73594
52.73948	0.73603
52.76947	0.73613
52.79947	0.73622
52.82947	0.73632
52.85947	0.73641
52.88947	0.73651
52.91947	0.7366
52.94947	0.7367
52.97947	0.73679
53.00946	0.73688
53.03946	0.73698
53.06946	0.73707
53.09946	0.73717
53.12946	0.73726
53.15946	0.73735
53.18946	0.73745
53.21946	0.73754
53.24945	0.73764
53.27945	0.73773
53.30945	0.73782
53.33945	0.73792
53.36945	0.73801
53.39945	0.7381
53.42945	0.7382
53.45945	0.73829
53.48944	0.73838
53.51944	0.73848
53.54944	0.73857
53.57944	0.73866
53.60944	0.73875
53.63944	0.73885
53.66944	0.73894
53.69944	0.73903
53.72943	0.73912
53.75943	0.73922
53.78943	0.73931
53.81943	0.7394
53.84943	0.73949
53.87943	0.73959
53.90943	0.73968
53.93943	0.73977
53.96943	0.73986
53.99942	0.73996
54.02942	0.74005
54.05942	0.74014
54.08942	0.74023
54.11942	0.74032
54.14942	0.74042
54.17942	0.74051
54.20942	0.7406
54.23941	0.74069
54.26941	0.74078
54.29941	0.74087
54.32941	0.74097
54.35941	0.74106
54.38941	0.74115
54.41941	0.74124
54.44941	0.74133
54.4794	0.74142
54.5094	0.74151
54.5394	0.74161
54.5694	0.7417
54.5994	0.74179
54.6294	0.74188
54.6594	0.74197
54.6894	0.74206
54.71939	0.74215
54.74939	0.74224
54.77939	0.74233
54.80939	0.74243
54.83939	0.74252
54.86939	0.74261
54.89939	0.7427
54.92939	0.74279
54.95938	0.74288
54.98938	0.74297
55.01938	0.74306
55.04938	0.74315
55.07938	0.74324
55.10938	0.74333
55.13938	0.74342
55.16938	0.74351
55.19938	0.7436
55.22937	0.74369
55.25937	0.74378
55.28937	0.74387
55.31937	0.74396
55.34937	0.74405
55.37937	0.74414
55.40937	0.74423
55.43937	0.74433
55.46936	0.74442
55.49936	0.74451
55.52936	0.7446
55.55936	0.74469
55.58936	0.74478
55.61936	0.74487
55.64936	0.74496
55.67936	0.74505
55.70935	0.74514
55.73935	0.74523
55.76935	0.74531
55.79935	0.7454
55.82935	0.74549
55.85935	0.74558
55.88935	0.74567
55.91935	0.74576
55.94934	0.74585
55.97934	0.74594
56.00934	0.74603
56.03934	0.74612
56.06934	0.74621
56.09934	0.7463
56.12934	0.74639
56.15934	0.74648
56.18933	0.74657
56.21933	0.74666
56.24933	0.74675
56.27933	0.74684
56.30933	0.74693
56.33933	0.74702
56.36933	0.74711
56.39933	0.7472
56.42933	0.74729
56.45932	0.74738
56.48932	0.74747
56.51932	0.74756
56.54932	0.74764
56.57932	0.74773
56.60932	0.74782
56.63932	0.74791
56.66932	0.748
56.69931	0.74809
56.72931	0.74818
56.75931	0.74827
56.78931	0.74836
56.81931	0.74845
56.84931	0.74854
56.87931	0.74863
56.90931	0.74872
56.9393	0.74881
56.9693	0.7489
56.9993	0.74899
57.0293	0.74907
57.0593	0.74916
57.0893	0.74925
57.1193	0.74934
57.1493	0.74943
57.17929	0.74952
57.20929	0.74961
57.23929	0.7497
57.26929	0.74979
57.29929	0.74988
57.32929	0.74997
57.35929	0.75006
57.38929	0.75015
57.41928	0.75024
57.44928	0.75033
57.47928	0.75042
57.50928	0.7505
57.53928	0.75059
57.56928	0.75068
57.59928	0.75077
57.62928	0.75086
57.65928	0.75095
57.68927	0.75104
57.71927	0.75113
57.74927	0.75122
57.77927	0.75131
57.80927	0.7514
57.83927	0.75149
57.86927	0.75158
57.89927	0.75167
57.92926	0.75176
57.95926	0.75185
57.98926	0.75194
58.01926	0.75203
58.04926	0.75212
58.07926	0.75221
58.10926	0.75229
58.13926	0.75238
58.16925	0.75247
58.19925	0.75256
58.22925	0.75265
58.25925	0.75274
58.28925	0.75283
58.31925	0.75292
58.34925	0.75301
58.37925	0.7531
58.40924	0.75319
58.43924	0.75328
58.46924	0.75337
58.49924	0.75346
58.52924	0.75355
58.55924	0.75364
58.58924	0.75373
58.61924	0.75382
58.64923	0.75391
58.67923	0.754
58.70923	0.75409
58.73923	0.75418
58.76923	0.75427
58.79923	0.75436
58.82923	0.75445
58.85923	0.75454
58.88923	0.75463
58.91922	0.75472
58.94922	0.75481
58.97922	0.7549
59.00922	0.75499
59.03922	0.75508
59.06922	0.75517
59.09922	0.75527
59.12922	0.75536
59.15921	0.75545
59.18921	0.75554
59.21921	0.75563
59.24921	0.75572
59.27921	0.75581
59.30921	0.7559
59.33921	0.75599
59.36921	0.75608
59.3992	0.75617
59.4292	0.75626
59.4592	0.75635
59.4892	0.75644
59.5192	0.75654
59.5492	0.75663
59.5792	0.75672
59.6092	0.75681
59.63919	0.7569
59.66919	0.75699
59.69919	0.75708
59.72919	0.75717
59.75919	0.75727
59.78919	0.75736
59.81919	0.75745
59.84919	0.75754
59.87918	0.75763
59.90918	0.75772
59.93918	0.75781
59.96918	0.75791
59.99918	0.758
60.02918	0.75809
60.05918	0.75818
60.08918	0.75827
60.11917	0.75836
60.14917	0.75846
60.17917	0.75855
60.20917	0.75864
60.23917	0.75873
60.26917	0.75883
60.29917	0.75892
60.32917	0.75901
60.35917	0.7591
60.38916	0.75919
60.41916	0.75929
60.44916	0.75938
60.47916	0.75947
60.50916	0.75956
60.53916	0.75966
60.56916	0.75975
60.59916	0.75984
60.62915	0.75993
60.65915	0.76003
60.68915	0.76012
60.71915	0.76021
60.74915	0.76031
60.77915	0.7604
60.80915	0.76049
60.83915	0.76059
60.86914	0.76068
60.89914	0.76077
60.92914	0.76086
60.95914	0.76096
60.98914	0.76105
61.01914	0.76114
61.04914	0.76124
61.07914	0.76133
61.10913	0.76142
61.13913	0.76152
61.16913	0.76161
61.19913	0.7617
61.22913	0.7618
61.25913	0.76189
61.28913	0.76199
61.31913	0.76208
61.34912	0.76217
61.37912	0.76227
61.40912	0.76236
61.43912	0.76245
61.46912	0.76255
61.49912	0.76264
61.52912	0.76274
61.55912	0.76283
61.58912	0.76292
61.61911	0.76302
61.64911	0.76311
61.67911	0.76321
61.70911	0.7633
61.73911	0.7634
61.76911	0.76349
61.79911	0.76358
61.82911	0.76368
61.8591	0.76377
61.8891	0.76387
61.9191	0.76396
61.9491	0.76406
61.9791	0.76415
62.0091	0.76425
62.0391	0.76434
62.0691	0.76443
62.09909	0.76453
62.12909	0.76462
62.15909	0.76472
62.18909	0.76481
62.21909	0.76491
62.24909	0.765
62.27909	0.7651
62.30909	0.76519
62.33908	0.76529
62.36908	0.76538
62.39908	0.76548
62.42908	0.76557
62.45908	0.76567
62.48908	0.76576
62.51908	0.76586
62.54908	0.76595
62.57907	0.76605
62.60907	0.76614
62.63907	0.76624
62.66907	0.76633
62.69907	0.76643
62.72907	0.76652
62.75907	0.76662
62.78907	0.76672
62.81907	0.76681
62.84906	0.76691
62.87906	0.767
62.90906	0.7671
62.93906	0.76719
62.96906	0.76729
62.99906	0.76738
63.02906	0.76748
63.05906	0.76758
63.08905	0.76767
63.11905	0.76777
63.14905	0.76786
63.17905	0.76796
63.20905	0.76805
63.23905	0.76815
63.26905	0.76825
63.29905	0.76834
63.32904	0.76844
63.35904	0.76853
63.38904	0.76863
63.41904	0.76873
63.44904	0.76882
63.47904	0.76892
63.50904	0.76901
63.53904	0.76911
63.56903	0.76921
63.59903	0.7693
63.62903	0.7694
63.65903	0.76949
63.68903	0.76959
63.71903	0.76969
63.74903	0.76978
63.77903	0.76988
63.80902	0.76998
63.83902	0.77007
63.86902	0.77017
63.89902	0.77026
63.92902	0.77036
63.95902	0.77046
63.98902	0.77055
64.01902	0.77065
64.04902	0.77075
64.07902	0.77084
64.10902	0.77094
64.13902	0.77104
64.16901	0.77113
64.19901	0.77123
64.22901	0.77133
64.25901	0.77142
64.28901	0.77152
64.31901	0.77162
64.34901	0.77171
64.37901	0.77181
64.409	0.77191
64.439	0.772
64.469	0.7721
64.499	0.7722
64.529	0.77229
64.559	0.77239
64.589	0.77249
64.619	0.77258
64.64899	0.77268
64.67899	0.77278
64.70899	0.77287
64.73899	0.77297
64.76899	0.77307
64.79899	0.77316
64.82899	0.77326
64.85899	0.77336
64.88898	0.77346
64.91898	0.77355
64.94898	0.77365
64.97898	0.77375
65.00898	0.77384
65.03898	0.77394
65.06898	0.77404
65.09898	0.77413
65.12897	0.77423
65.15897	0.77433
65.18897	0.77443
65.21897	0.77452
65.24897	0.77462
65.27897	0.77472
65.30897	0.77481
65.33897	0.77491
65.36897	0.77501
65.39896	0.77511
65.42896	0.7752
65.45896	0.7753
65.48896	0.7754
65.51896	0.77549
65.54896	0.77559
65.57896	0.77569
65.60896	0.77579
65.63895	0.77588
65.66895	0.77598
65.69895	0.77608
65.72895	0.77617
65.75895	0.77627
65.78895	0.77637
65.81895	0.77647
65.84895	0.77656
65.87894	0.77666
65.90894	0.77676
65.93894	0.77686
65.96894	0.77695
65.99894	0.77705
66.02894	0.77715
66.05894	0.77725
66.08894	0.77734
66.11893	0.77744
66.14893	0.77754
66.17893	0.77763
66.20893	0.77773
66.23893	0.77783
66.26893	0.77793
66.29893	0.77802
66.32893	0.77812
66.35892	0.77822
66.38892	0.77832
66.41892	0.77841
66.44892	0.77851
66.47892	0.77861
66.50892	0.77871
66.53892	0.7788
66.56892	0.7789
66.59892	0.779
66.62891	0.7791
66.65891	0.77919
66.68891	0.77929
66.71891	0.77939
66.74891	0.77949
66.77891	0.77958
66.80891	0.77968
66.83891	0.77978
66.8689	0.77987
66.8989	0.77997
66.9289	0.78007
66.9589	0.78017
66.9889	0.78026
67.0189	0.78036
67.0489	0.78046
67.0789	0.78056
67.10889	0.78065
67.13889	0.78075
67.16889	0.78085
67.19889	0.78095
67.22889	0.78104
67.25889	0.78114
67.28889	0.78124
67.31889	0.78134
67.34888	0.78143
67.37888	0.78153
67.40888	0.78163
67.43888	0.78173
67.46888	0.78182
67.49888	0.78192
67.52888	0.78202
67.55888	0.78211
67.58887	0.78221
67.61887	0.78231
67.64887	0.78241
67.67887	0.7825
67.70887	0.7826
67.73887	0.7827
67.76887	0.7828
67.79887	0.78289
67.82887	0.78299
67.85886	0.78309
67.88886	0.78319
67.91886	0.78328
67.94886	0.78338
67.97886	0.78348
68.00886	0.78357
68.03886	0.78367
68.06886	0.78377
68.09885	0.78387
68.12885	0.78396
68.15885	0.78406
68.18885	0.78416
68.21885	0.78425
68.24885	0.78435
68.27885	0.78445
68.30885	0.78455
68.33884	0.78464
68.36884	0.78474
68.39884	0.78484
68.42884	0.78493
68.45884	0.78503
68.48884	0.78513
68.51884	0.78523
68.54884	0.78532
68.57883	0.78542
68.60883	0.78552
68.63883	0.78561
68.66883	0.78571
68.69883	0.78581
68.72883	0.78591
68.75883	0.786
68.78883	0.7861
68.81882	0.7862
68.84882	0.78629
68.87882	0.78639
68.90882	0.78649
68.93882	0.78658
68.96882	0.78668
68.99882	0.78678
69.02882	0.78687
69.05882	0.78697
69.08881	0.78707
69.11881	0.78717
69.14881	0.78726
69.17881	0.78736
69.20881	0.78746
69.23881	0.78755
69.26881	0.78765
69.29881	0.78775
69.3288	0.78784
69.3588	0.78794
69.3888	0.78804
69.4188	0.78813
69.4488	0.78823
69.4788	0.78833
69.5088	0.78842
69.5388	0.78852
69.56879	0.78861
69.59879	0.78871
69.62879	0.78881
69.65879	0.7889
69.68879	0.789
69.71879	0.7891
69.74879	0.78919
69.77879	0.78929
69.80878	0.78939
69.83878	0.78948
69.86878	0.78958
69.89878	0.78968
69.92878	0.78977
69.95878	0.78987
69.98878	0.78996
70.01878	0.79006
70.04877	0.79016
70.07877	0.79025
70.10877	0.79035
70.13877	0.79044
70.16877	0.79054
70.19877	0.79064
70.22877	0.79073
70.25877	0.79083
70.28876	0.79093
70.31876	0.79102
70.34876	0.79112
70.37876	0.79121
70.40876	0.79131
70.43876	0.7914
70.46876	0.7915
70.49876	0.7916
70.52876	0.79169
70.55875	0.79179
70.58875	0.79188
70.61875	0.79198
70.64875	0.79207
70.67875	0.79217
70.70875	0.79227
70.73875	0.79236
70.76875	0.79246
70.79874	0.79255
70.82874	0.79265
70.85874	0.79274
70.88874	0.79284
70.91874	0.79294
70.94874	0.79303
70.97874	0.79313
71.00874	0.79322
71.03873	0.79332
71.06873	0.79341
71.09873	0.79351
71.12873	0.7936
71.15873	0.7937
71.18873	0.79379
71.21873	0.79389
71.24873	0.79398
71.27872	0.79408
71.30872	0.79417
71.33872	0.79427
71.36872	0.79436
71.39872	0.79446
71.42872	0.79455
71.45872	0.79465
71.48872	0.79474
71.51871	0.79484
71.54871	0.79493
71.57871	0.79503
71.60871	0.79512
71.63871	0.79522
71.66871	0.79531
71.69871	0.79541
71.72871	0.7955
71.75871	0.7956
71.7887	0.79569
71.8187	0.79579
71.8487	0.79588
71.8787	0.79597
71.9087	0.79607
71.9387	0.79616
71.9687	0.79626
71.9987	0.79635
72.02869	0.79645
72.05869	0.79654
72.08869	0.79664
72.11869	0.79673
72.14869	0.79682
72.17869	0.79692
72.20869	0.79701
72.23869	0.79711
72.26868	0.7972
72.29868	0.79729
72.32868	0.79739
72.35868	0.79748
72.38868	0.79758
72.41868	0.79767
72.44868	0.79776
72.47868	0.79786
72.50867	0.79795
72.53867	0.79805
72.56867	0.79814
72.59867	0.79823
72.62867	0.79833
72.65867	0.79842
72.68867	0.79851
72.71867	0.79861
72.74866	0.7987
72.77866	0.7988
72.80866	0.79889
72.83866	0.79898
72.86866	0.79908
72.89866	0.79917
72.92866	0.79926
72.95866	0.79936
72.98866	0.79945
73.01865	0.79954
73.04865	0.79964
73.07865	0.79973
73.10865	0.79982
73.13865	0.79992
73.16865	0.80001
73.19865	0.8001
73.22865	0.80019
73.25864	0.80029
73.28864	0.80038
73.31864	0.80047
73.34864	0.80057
73.37864	0.80066
73.40864	0.80075
73.43864	0.80084
73.46864	0.80094
73.49863	0.80103
73.52863	0.80112
73.55863	0.80122
73.58863	0.80131
73.61863	0.8014
73.64863	0.80149
73.67863	0.80159
73.70863	0.80168
73.73862	0.80177
73.76862	0.80186
73.79862	0.80195
73.82862	0.80205
73.85862	0.80214
73.88862	0.80223
73.91862	0.80232
73.94862	0.80242
73.97861	0.80251
74.00861	0.8026
74.03861	0.80269
74.06861	0.80278
74.09861	0.80288
74.12861	0.80297
74.15861	0.80306
74.18861	0.80315
74.21861	0.80324
74.2486	0.80333
74.2786	0.80343
74.3086	0.80352
74.3386	0.80361
74.3686	0.8037
74.3986	0.80379
74.4286	0.80388
74.4586	0.80397
74.48859	0.80407
74.51859	0.80416
74.54859	0.80425
74.57859	0.80434
74.60859	0.80443
74.63859	0.80452
74.66859	0.80461
74.69859	0.8047
74.72858	0.8048
74.75858	0.80489
74.78858	0.80498
74.81858	0.80507
74.84858	0.80516
74.87858	0.80525
74.90858	0.80534
74.93858	0.80543
74.96857	0.80552
74.99857	0.80561
75.02857	0.8057
75.05857	0.80579
75.08857	0.80588
75.11857	0.80597
75.14857	0.80606
75.17857	0.80616
75.20856	0.80625
75.23856	0.80634
75.26856	0.80643
75.29856	0.80652
75.32856	0.80661
75.35856	0.8067
75.38856	0.80679
75.41856	0.80688
75.44855	0.80697
75.47855	0.80706
75.50855	0.80715
75.53855	0.80724
75.56855	0.80733
75.59855	0.80742
75.62855	0.8075
75.65855	0.80759
75.68855	0.80768
75.71854	0.80777
75.74854	0.80786
75.77854	0.80795
75.80854	0.80804
75.83854	0.80813
75.86854	0.80822
75.89854	0.80831
75.92854	0.8084
75.95853	0.80849
75.98853	0.80858
76.01853	0.80867
76.04853	0.80876
76.07853	0.80884
76.10853	0.80893
76.13853	0.80902
76.16853	0.80911
76.19852	0.8092
76.22852	0.80929
76.25852	0.80938
76.28852	0.80947
76.31852	0.80955
76.34852	0.80964
76.37852	0.80973
76.40852	0.80982
76.43851	0.80991
76.46851	0.81
76.49851	0.81008
76.52851	0.81017
76.55851	0.81026
76.58851	0.81035
76.61851	0.81044
76.64851	0.81052
76.6785	0.81061
76.7085	0.8107
76.7385	0.81079
76.7685	0.81088
76.7985	0.81096
76.8285	0.81105
76.8585	0.81114
76.8885	0.81123
76.9185	0.81131
76.94849	0.8114
76.97849	0.81149
77.00849	0.81158
77.03849	0.81166
77.06849	0.81175
77.09849	0.81184
77.12849	0.81192
77.15849	0.81201
77.18848	0.8121
77.21848	0.81219
77.24848	0.81227
77.27848	0.81236
77.30848	0.81245
77.33848	0.81253
77.36848	0.81262
77.39848	0.81271
77.42847	0.81279
77.45847	0.81288
77.48847	0.81297
77.51847	0.81305
77.54847	0.81314
77.57847	0.81323
77.60847	0.81331
77.63847	0.8134
77.66846	0.81348
77.69846	0.81357
77.72846	0.81366
77.75846	0.81374
77.78846	0.81383
77.81846	0.81391
77.84846	0.814
77.87846	0.81409
77.90845	0.81417
77.93845	0.81426
77.96845	0.81434
77.99845	0.81443
78.02845	0.81451
78.05845	0.8146
78.08845	0.81468
78.11845	0.81477
78.14845	0.81486
78.17844	0.81494
78.20844	0.81503
78.23844	0.81511
78.26844	0.8152
78.29844	0.81528
78.32844	0.81537
78.35844	0.81545
78.38844	0.81554
78.41843	0.81562
78.44843	0.8157
78.47843	0.81579
78.50843	0.81587
78.53843	0.81596
78.56843	0.81604
78.59843	0.81613
78.62843	0.81621
78.65842	0.8163
78.68842	0.81638
78.71842	0.81646
78.74842	0.81655
78.77842	0.81663
78.80842	0.81672
78.83842	0.8168
78.86842	0.81688
78.89841	0.81697
78.92841	0.81705
78.95841	0.81713
78.98841	0.81722
79.01841	0.8173
79.04841	0.81739
79.07841	0.81747
79.10841	0.81755
79.1384	0.81764
79.1684	0.81772
79.1984	0.8178
79.2284	0.81788
79.2584	0.81797
79.2884	0.81805
79.3184	0.81813
79.3484	0.81822
79.3784	0.8183
79.40839	0.81838
79.43839	0.81846
79.46839	0.81855
79.49839	0.81863
79.52839	0.81871
79.55839	0.81879
79.58839	0.81888
79.61839	0.81896
79.64838	0.81904
79.67838	0.81912
79.70838	0.81921
79.73838	0.81929
79.76838	0.81937
79.79838	0.81945
79.82838	0.81953
79.85838	0.81961
79.88837	0.8197
79.91837	0.81978
79.94837	0.81986
79.97837	0.81994
80.00837	0.82002
80.03837	0.8201
80.06837	0.82019
80.09837	0.82027
80.12836	0.82035
80.15836	0.82043
80.18836	0.82051
80.21836	0.82059
80.24836	0.82067
80.27836	0.82075
80.30836	0.82083
80.33836	0.82091
80.36835	0.82099
80.39835	0.82108
80.42835	0.82116
80.45835	0.82124
80.48835	0.82132
80.51835	0.8214
80.54835	0.82148
80.57835	0.82156
80.60835	0.82164
80.63834	0.82172
80.66834	0.8218
80.69834	0.82188
80.72834	0.82196
80.75834	0.82204
80.78834	0.82212
80.81834	0.8222
80.84834	0.82228
80.87833	0.82236
80.90833	0.82244
80.93833	0.82252
80.96833	0.82259
80.99833	0.82267
81.02833	0.82275
81.05833	0.82283
81.08833	0.82291
81.11832	0.82299
81.14832	0.82307
81.17832	0.82315
81.20832	0.82323
81.23832	0.82331
81.26832	0.82339
81.29832	0.82346
81.32832	0.82354
81.35831	0.82362
81.38831	0.8237
81.41831	0.82378
81.44831	0.82386
81.47831	0.82394
81.50831	0.82401
81.53831	0.82409
81.56831	0.82417
81.5983	0.82425
81.6283	0.82433
81.6583	0.82441
81.6883	0.82448
81.7183	0.82456
81.7483	0.82464
81.7783	0.82472
81.8083	0.8248
81.83829	0.82487
81.86829	0.82495
81.89829	0.82503
81.92829	0.82511
81.95829	0.82519
81.98829	0.82526
82.01829	0.82534
82.04829	0.82542
82.07829	0.8255
82.10828	0.82557
82.13828	0.82565
82.16828	0.82573
82.19828	0.8258
82.22828	0.82588
82.25828	0.82596
82.28828	0.82604
82.31828	0.82611
82.34827	0.82619
82.37827	0.82627
82.40827	0.82634
82.43827	0.82642
82.46827	0.8265
82.49827	0.82657
82.52827	0.82665
82.55827	0.82673
82.58826	0.8268
82.61826	0.82688
82.64826	0.82696
82.67826	0.82703
82.70826	0.82711
82.73826	0.82719
82.76826	0.82726
82.79826	0.82734
82.82825	0.82742
82.85825	0.82749
82.88825	0.82757
82.91825	0.82765
82.94825	0.82772
82.97825	0.8278
83.00825	0.82787
83.03825	0.82795
83.06824	0.82803
83.09824	0.8281
83.12824	0.82818
83.15824	0.82825
83.18824	0.82833
83.21824	0.8284
83.24824	0.82848
83.27824	0.82856
83.30824	0.82863
83.33823	0.82871
83.36823	0.82878
83.39823	0.82886
83.42823	0.82893
83.45823	0.82901
83.48823	0.82909
83.51823	0.82916
83.54823	0.82924
83.57822	0.82931
83.60822	0.82939
83.63822	0.82946
83.66822	0.82954
83.69822	0.82961
83.72822	0.82969
83.75822	0.82976
83.78822	0.82984
83.81821	0.82991
83.84821	0.82999
83.87821	0.83006
83.90821	0.83014
83.93821	0.83021
83.96821	0.83029
83.99821	0.83036
84.02821	0.83044
84.0582	0.83051
84.0882	0.83059
84.1182	0.83066
84.1482	0.83074
84.1782	0.83081
84.2082	0.83089
84.2382	0.83096
84.2682	0.83103
84.29819	0.83111
84.32819	0.83118
84.35819	0.83126
84.38819	0.83133
84.41819	0.83141
84.44819	0.83148
84.47819	0.83156
84.50819	0.83163
84.53819	0.8317
84.56818	0.83178
84.59818	0.83185
84.62818	0.83193
84.65818	0.832
84.68818	0.83207
84.71818	0.83215
84.74818	0.83222
84.77818	0.8323
84.80817	0.83237
84.83817	0.83245
84.86817	0.83252
84.89817	0.83259
84.92817	0.83267
84.95817	0.83274
84.98817	0.83281
85.01817	0.83289
85.04816	0.83296
85.07816	0.83304
85.10816	0.83311
85.13816	0.83318
85.16816	0.83326
85.19816	0.83333
85.22816	0.8334
85.25816	0.83348
85.28815	0.83355
85.31815	0.83363
85.34815	0.8337
85.37815	0.83377
85.40815	0.83385
85.43815	0.83392
85.46815	0.83399
85.49815	0.83407
85.52814	0.83414
85.55814	0.83421
85.58814	0.83429
85.61814	0.83436
85.64814	0.83443
85.67814	0.83451
85.70814	0.83458
85.73814	0.83465
85.76814	0.83473
85.79813	0.8348
85.82813	0.83487
85.85813	0.83495
85.88813	0.83502
85.91813	0.83509
85.94813	0.83517
85.97813	0.83524
86.00813	0.83531
86.03812	0.83539
86.06812	0.83546
86.09812	0.83553
86.12812	0.83561
86.15812	0.83568
86.18812	0.83575
86.21812	0.83583
86.24812	0.8359
86.27811	0.83597
86.30811	0.83604
86.33811	0.83612
86.36811	0.83619
86.39811	0.83626
86.42811	0.83634
86.45811	0.83641
86.48811	0.83648
86.5181	0.83656
86.5481	0.83663
86.5781	0.8367
86.6081	0.83677
86.6381	0.83685
86.6681	0.83692
86.6981	0.83699
86.7281	0.83707
86.75809	0.83714
86.78809	0.83721
86.81809	0.83728
86.84809	0.83736
86.87809	0.83743
86.90809	0.8375
86.93809	0.83757
86.96809	0.83765
86.99809	0.83772
87.02808	0.83779
87.05808	0.83787
87.08808	0.83794
87.11808	0.83801
87.14808	0.83808
87.17808	0.83816
87.20808	0.83823
87.23808	0.8383
87.26807	0.83837
87.29807	0.83845
87.32807	0.83852
87.35807	0.83859
87.38807	0.83867
87.41807	0.83874
87.44807	0.83881
87.47807	0.83888
87.50806	0.83896
87.53806	0.83903
87.56806	0.8391
87.59806	0.83917
87.62806	0.83925
87.65806	0.83932
87.68806	0.83939
87.71806	0.83946
87.74805	0.83954
87.77805	0.83961
87.80805	0.83968
87.83805	0.83976
87.86805	0.83983
87.89805	0.8399
87.92805	0.83997
87.95805	0.84005
87.98804	0.84012
88.01804	0.84019
88.04804	0.84026
88.07804	0.84034
88.10804	0.84041
88.13804	0.84048
88.16804	0.84055
88.19804	0.84063
88.22803	0.8407
88.25803	0.84077
88.28803	0.84084
88.31803	0.84092
88.34803	0.84099
88.37803	0.84106
88.40803	0.84113
88.43803	0.84121
88.46803	0.84128
88.49802	0.84135
88.52802	0.84143
88.55802	0.8415
88.58802	0.84157
88.61802	0.84164
88.64802	0.84172
88.67802	0.84179
88.70802	0.84186
88.73801	0.84193
88.76801	0.84201
88.79801	0.84208
88.82801	0.84215
88.85801	0.84222
88.88801	0.8423
88.91801	0.84237
88.94801	0.84244
88.978	0.84252
89.008	0.84259
89.038	0.84266
89.068	0.84273
89.098	0.84281
89.128	0.84288
89.158	0.84295
89.188	0.84303
89.21799	0.8431
89.24799	0.84317
89.27799	0.84324
89.30799	0.84332
89.33799	0.84339
89.36799	0.84346
89.39799	0.84353
89.42799	0.84361
89.45798	0.84368
89.48798	0.84375
89.51798	0.84383
89.54798	0.8439
89.57798	0.84397
89.60798	0.84405
89.63798	0.84412
89.66798	0.84419
89.69798	0.84426
89.72797	0.84434
89.75797	0.84441
89.78797	0.84448
89.81797	0.84456
89.84797	0.84463
89.87797	0.8447
89.90797	0.84478
89.93797	0.84485
89.96796	0.84492
89.99796	0.845
90.02796	0.84507
90.05796	0.84514
90.08796	0.84521
90.11796	0.84529
90.14796	0.84536
90.17796	0.84543
90.20795	0.84551
90.23795	0.84558
90.26795	0.84565
90.29795	0.84573
90.32795	0.8458
90.35795	0.84587
90.38795	0.84595
90.41795	0.84602
90.44794	0.84609
90.47794	0.84617
90.50794	0.84624
90.53794	0.84631
90.56794	0.84639
90.59794	0.84646
90.62794	0.84653
90.65794	0.84661
90.68793	0.84668
90.71793	0.84675
90.74793	0.84683
90.77793	0.8469
90.80793	0.84697
90.83793	0.84705
90.86793	0.84712
90.89793	0.8472
90.92793	0.84727
90.95792	0.84734
90.98792	0.84742
91.01792	0.84749
91.04792	0.84756
91.07792	0.84764
91.10792	0.84771
91.13792	0.84778
91.16792	0.84786
91.19791	0.84793
91.22791	0.848
91.25791	0.84808
91.28791	0.84815
91.31791	0.84822
91.34791	0.8483
91.37791	0.84837
91.40791	0.84844
91.4379	0.84852
91.4679	0.84859
91.4979	0.84867
91.5279	0.84874
91.5579	0.84881
91.5879	0.84889
91.6179	0.84896
91.6479	0.84903
91.67789	0.84911
91.70789	0.84918
91.73789	0.84925
91.76789	0.84933
91.79789	0.8494
91.82789	0.84947
91.85789	0.84955
91.88789	0.84962
91.91788	0.84969
91.94788	0.84977
91.97788	0.84984
92.00788	0.84991
92.03788	0.84999
92.06788	0.85006
92.09788	0.85013
92.12788	0.85021
92.15788	0.85028
92.18787	0.85035
92.21787	0.85043
92.24787	0.8505
92.27787	0.85057
92.30787	0.85065
92.33787	0.85072
92.36787	0.85079
92.39787	0.85087
92.42786	0.85094
92.45786	0.85101
92.48786	0.85109
92.51786	0.85116
92.54786	0.85123
92.57786	0.85131
92.60786	0.85138
92.63786	0.85145
92.66785	0.85153
92.69785	0.8516
92.72785	0.85167
92.75785	0.85175
92.78785	0.85182
92.81785	0.85189
92.84785	0.85197
92.87785	0.85204
92.90784	0.85211
92.93784	0.85218
92.96784	0.85226
92.99784	0.85233
93.02784	0.8524
93.05784	0.85248
93.08784	0.85255
93.11784	0.85262
93.14783	0.85269
93.17783	0.85277
93.20783	0.85284
93.23783	0.85291
93.26783	0.85299
93.29783	0.85306
93.32783	0.85313
93.35783	0.8532
93.38783	0.85328
93.41782	0.85335
93.44782	0.85342
93.47782	0.85349
93.50782	0.85357
93.53782	0.85364
93.56782	0.85371
93.59782	0.85378
93.62782	0.85386
93.65781	0.85393
93.68781	0.854
93.71781	0.85407
93.74781	0.85415
93.77781	0.85422
93.80781	0.85429
93.83781	0.85436
93.86781	0.85443
93.8978	0.85451
93.9278	0.85458
93.9578	0.85465
93.9878	0.85472
94.0178	0.8548
94.0478	0.85487
94.0778	0.85494
94.1078	0.85501
94.13779	0.85508
94.16779	0.85515
94.19779	0.85523
94.22779	0.8553
94.25779	0.85537
94.28779	0.85544
94.31779	0.85551
94.34779	0.85559
94.37778	0.85566
94.40778	0.85573
94.43778	0.8558
94.46778	0.85587
94.49778	0.85594
94.52778	0.85601
94.55778	0.85609
94.58778	0.85616
94.61777	0.85623
94.64777	0.8563
94.67777	0.85637
94.70777	0.85644
94.73777	0.85651
94.76777	0.85658
94.79777	0.85666
94.82777	0.85673
94.85777	0.8568
94.88776	0.85687
94.91776	0.85694
94.94776	0.85701
94.97776	0.85708
95.00776	0.85715
95.03776	0.85722
95.06776	0.85729
95.09776	0.85736
95.12775	0.85743
95.15775	0.8575
95.18775	0.85757
95.21775	0.85764
95.24775	0.85772
95.27775	0.85779
95.30775	0.85786
95.33775	0.85793
95.36774	0.858
95.39774	0.85807
95.42774	0.85814
95.45774	0.85821
95.48774	0.85828
95.51774	0.85835
95.54774	0.85842
95.57774	0.85849
95.60773	0.85856
95.63773	0.85863
95.66773	0.85869
95.69773	0.85876
95.72773	0.85883
95.75773	0.8589
95.78773	0.85897
95.81773	0.85904
95.84772	0.85911
95.87772	0.85918
95.90772	0.85925
95.93772	0.85932
95.96772	0.85939
95.99772	0.85946
96.02772	0.85953
96.05772	0.8596
96.08772	0.85966
96.11771	0.85973
96.14771	0.8598
96.17771	0.85987
96.20771	0.85994
96.23771	0.86001
96.26771	0.86008
96.29771	0.86014
96.32771	0.86021
96.3577	0.86028
96.3877	0.86035
96.4177	0.86042
96.4477	0.86049
96.4777	0.86055
96.5077	0.86062
96.5377	0.86069
96.5677	0.86076
96.59769	0.86083
96.62769	0.86089
96.65769	0.86096
96.68769	0.86103
96.71769	0.8611
96.74769	0.86116
96.77769	0.86123
96.80769	0.8613
96.83768	0.86137
96.86768	0.86143
96.89768	0.8615
96.92768	0.86157
96.95768	0.86163
96.98768	0.8617
97.01768	0.86177
97.04768	0.86183
97.07767	0.8619
97.10767	0.86197
97.13767	0.86203
97.16767	0.8621
97.19767	0.86217
97.22767	0.86223
97.25767	0.8623
97.28767	0.86237
97.31767	0.86243
97.34766	0.8625
97.37766	0.86256
97.40766	0.86263
97.43766	0.8627
97.46766	0.86276
97.49766	0.86283
97.52766	0.86289
97.55766	0.86296
97.58765	0.86302
97.61765	0.86309
97.64765	0.86315
97.67765	0.86322
97.70765	0.86328
97.73765	0.86335
97.76765	0.86341
97.79765	0.86348
97.82764	0.86354
97.85764	0.86361
97.88764	0.86367
97.91764	0.86374
97.94764	0.8638
97.97764	0.86387
98.00764	0.86393
98.03764	0.864
98.06763	0.86406
98.09763	0.86412
98.12763	0.86419
98.15763	0.86425
98.18763	0.86432
98.21763	0.86438
98.24763	0.86444
98.27763	0.86451
98.30762	0.86457
98.33762	0.86463
98.36762	0.8647
98.39762	0.86476
98.42762	0.86482
98.45762	0.86489
98.48762	0.86495
98.51762	0.86501
98.54762	0.86507
98.57761	0.86514
98.60761	0.8652
98.63761	0.86526
98.66761	0.86532
98.69761	0.86539
98.72761	0.86545
98.75761	0.86551
98.78761	0.86557
98.8176	0.86564
98.8476	0.8657
98.8776	0.86576
98.9076	0.86582
98.9376	0.86588
98.9676	0.86594
98.9976	0.86601
99.0276	0.86607
99.05759	0.86613
99.08759	0.86619
99.11759	0.86625
99.14759	0.86631
99.17759	0.86637
99.20759	0.86643
99.23759	0.86649
99.26759	0.86655
99.29758	0.86661
99.32758	0.86667
99.35758	0.86673
99.38758	0.86679
99.41758	0.86685
99.44758	0.86691
99.47758	0.86697
99.50758	0.86703
99.53757	0.86709
99.56757	0.86715
99.59757	0.86721
99.62757	0.86727
99.65757	0.86733
99.68757	0.86739
99.71757	0.86745
99.74757	0.86751
99.77757	0.86757
99.80756	0.86763
99.83756	0.86768
99.86756	0.86774
99.89756	0.8678
99.92756	0.86786
99.95756	0.86792
99.98756	0.86798
100.0176	0.86803
100.0476	0.86809
100.0776	0.86815
100.1076	0.86821
100.1376	0.86826
100.1675	0.86832
100.1975	0.86838
100.2275	0.86844
100.2575	0.86849
100.2875	0.86855
100.3175	0.86861
100.3475	0.86866
100.3775	0.86872
100.4075	0.86878
100.4375	0.86883
100.4675	0.86889
100.4975	0.86895
100.5275	0.869
100.5575	0.86906
100.5875	0.86911
100.6175	0.86917
100.6475	0.86923
100.6775	0.86928
100.7075	0.86934
100.7375	0.86939
100.7675	0.86945
100.7975	0.8695
100.8275	0.86956
100.8575	0.86961
100.8875	0.86967
100.9175	0.86972
100.9475	0.86978
100.9775	0.86983
101.0075	0.86989
101.0375	0.86994
101.0675	0.87
101.0975	0.87005
101.1275	0.8701
101.1575	0.87016
101.1875	0.87021
101.2175	0.87027
101.2475	0.87032
101.2775	0.87037
101.3075	0.87043
101.3375	0.87048
101.3675	0.87053
101.3975	0.87059
101.4275	0.87064
101.4575	0.87069
101.4875	0.87075
101.5175	0.8708
101.5475	0.87085
101.5775	0.8709
101.6075	0.87096
101.6375	0.87101
101.6675	0.87106
101.6975	0.87111
101.7275	0.87116
101.7575	0.87122
101.7875	0.87127
101.8175	0.87132
101.8475	0.87137
101.8775	0.87142
101.9075	0.87147
101.9375	0.87153
101.9675	0.87158
101.9975	0.87163
102.0275	0.87168
102.0575	0.87173
102.0875	0.87178
102.1175	0.87183
102.1475	0.87188
102.1775	0.87193
102.2075	0.87198
102.2375	0.87203
102.2675	0.87208
102.2975	0.87214
102.3275	0.87219
102.3575	0.87224
102.3875	0.87229
102.4175	0.87234
102.4475	0.87238
102.4775	0.87243
102.5075	0.87248
102.5375	0.87253
102.5675	0.87258
102.5975	0.87263
102.6274	0.87268
102.6574	0.87273
102.6874	0.87278
102.7174	0.87283
102.7474	0.87288
102.7774	0.87293
102.8074	0.87297
102.8374	0.87302
102.8674	0.87307
102.8974	0.87312
102.9274	0.87317
102.9574	0.87322
102.9874	0.87326
103.0174	0.87331
103.0474	0.87336
103.0774	0.87341
103.1074	0.87346
103.1374	0.8735
103.1674	0.87355
103.1974	0.8736
103.2274	0.87364
103.2574	0.87369
103.2874	0.87374
103.3174	0.87379
103.3474	0.87383
103.3774	0.87388
103.4074	0.87393
103.4374	0.87397
103.4674	0.87402
103.4974	0.87407
103.5274	0.87411
103.5574	0.87416
103.5874	0.87421
103.6174	0.87425
103.6474	0.8743
103.6774	0.87434
103.7074	0.87439
103.7374	0.87444
103.7674	0.87448
103.7974	0.87453
103.8274	0.87457
103.8574	0.87462
103.8874	0.87466
103.9174	0.87471
103.9474	0.87475
103.9774	0.8748
104.0074	0.87484
104.0374	0.87489
104.0674	0.87493
104.0974	0.87498
104.1274	0.87502
104.1574	0.87507
104.1874	0.87511
104.2174	0.87516
104.2474	0.8752
104.2774	0.87524
104.3074	0.87529
104.3374	0.87533
104.3674	0.87538
104.3974	0.87542
104.4274	0.87546
104.4574	0.87551
104.4874	0.87555
104.5174	0.87559
104.5474	0.87564
104.5774	0.87568
104.6074	0.87572
104.6374	0.87577
104.6674	0.87581
104.6974	0.87585
104.7274	0.8759
104.7574	0.87594
104.7874	0.87598
104.8174	0.87602
104.8474	0.87607
104.8774	0.87611
104.9074	0.87615
104.9374	0.87619
104.9674	0.87624
104.9974	0.87628
105.0274	0.87632
105.0574	0.87636
105.0873	0.8764
105.1173	0.87645
105.1473	0.87649
105.1773	0.87653
105.2073	0.87657
105.2373	0.87661
105.2673	0.87665
105.2973	0.8767
105.3273	0.87674
105.3573	0.87678
105.3873	0.87682
105.4173	0.87686
105.4473	0.8769
105.4773	0.87694
105.5073	0.87698
105.5373	0.87702
105.5673	0.87706
105.5973	0.8771
105.6273	0.87714
105.6573	0.87718
105.6873	0.87723
105.7173	0.87727
105.7473	0.87731
105.7773	0.87735
105.8073	0.87739
105.8373	0.87743
105.8673	0.87746
105.8973	0.8775
105.9273	0.87754
105.9573	0.87758
105.9873	0.87762
106.0173	0.87766
106.0473	0.8777
106.0773	0.87774
106.1073	0.87778
106.1373	0.87782
106.1673	0.87786
106.1973	0.8779
106.2273	0.87794
106.2573	0.87798
106.2873	0.87801
106.3173	0.87805
106.3473	0.87809
106.3773	0.87813
106.4073	0.87817
106.4373	0.87821
106.4673	0.87824
106.4973	0.87828
106.5273	0.87832
106.5573	0.87836
106.5873	0.8784
106.6173	0.87843
106.6473	0.87847
106.6773	0.87851
106.7073	0.87855
106.7373	0.87859
106.7673	0.87862
106.7973	0.87866
106.8273	0.8787
106.8573	0.87873
106.8873	0.87877
106.9173	0.87881
106.9473	0.87885
106.9773	0.87888
107.0073	0.87892
107.0373	0.87896
107.0673	0.87899
107.0973	0.87903
107.1273	0.87907
107.1573	0.8791
107.1873	0.87914
107.2173	0.87918
107.2473	0.87921
107.2773	0.87925
107.3073	0.87929
107.3373	0.87932
107.3673	0.87936
107.3973	0.87939
107.4273	0.87943
107.4573	0.87946
107.4873	0.8795
107.5173	0.87954
107.5472	0.87957
107.5772	0.87961
107.6072	0.87964
107.6372	0.87968
107.6672	0.87971
107.6972	0.87975
107.7272	0.87978
107.7572	0.87982
107.7872	0.87985
107.8172	0.87989
107.8472	0.87992
107.8772	0.87996
107.9072	0.87999
107.9372	0.88003
107.9672	0.88006
107.9972	0.8801
108.0272	0.88013
108.0572	0.88017
108.0872	0.8802
108.1172	0.88024
108.1472	0.88027
108.1772	0.8803
108.2072	0.88034
108.2372	0.88037
108.2672	0.88041
108.2972	0.88044
108.3272	0.88047
108.3572	0.88051
108.3872	0.88054
108.4172	0.88057
108.4472	0.88061
108.4772	0.88064
108.5072	0.88067
108.5372	0.88071
108.5672	0.88074
108.5972	0.88077
108.6272	0.88081
108.6572	0.88084
108.6872	0.88087
108.7172	0.88091
108.7472	0.88094
108.7772	0.88097
108.8072	0.88101
108.8372	0.88104
108.8672	0.88107
108.8972	0.8811
108.9272	0.88114
108.9572	0.88117
108.9872	0.8812
109.0172	0.88123
109.0472	0.88127
109.0772	0.8813
109.1072	0.88133
109.1372	0.88136
109.1672	0.88139
109.1972	0.88143
109.2272	0.88146
109.2572	0.88149
109.2872	0.88152
109.3172	0.88155
109.3472	0.88158
109.3772	0.88162
109.4072	0.88165
109.4372	0.88168
109.4672	0.88171
109.4972	0.88174
109.5272	0.88177
109.5572	0.8818
109.5872	0.88184
109.6172	0.88187
109.6472	0.8819
109.6772	0.88193
109.7072	0.88196
109.7372	0.88199
109.7672	0.88202
109.7972	0.88205
109.8272	0.88208
109.8572	0.88211
109.8872	0.88214
109.9172	0.88217
109.9472	0.8822
109.9771	0.88223
110.0071	0.88226
110.0371	0.8823
110.0671	0.88233
110.0971	0.88236
110.1271	0.88239
110.1571	0.88242
110.1871	0.88245
110.2171	0.88248
110.2471	0.88251
110.2771	0.88253
110.3071	0.88256
110.3371	0.88259
110.3671	0.88262
110.3971	0.88265
110.4271	0.88268
110.4571	0.88271
110.4871	0.88274
110.5171	0.88277
110.5471	0.8828
110.5771	0.88283
110.6071	0.88286
110.6371	0.88289
110.6671	0.88292
110.6971	0.88295
110.7271	0.88297
110.7571	0.883
110.7871	0.88303
110.8171	0.88306
110.8471	0.88309
110.8771	0.88312
110.9071	0.88315
110.9371	0.88318
110.9671	0.8832
110.9971	0.88323
111.0271	0.88326
111.0571	0.88329
111.0871	0.88332
111.1171	0.88335
111.1471	0.88337
111.1771	0.8834
111.2071	0.88343
111.2371	0.88346
111.2671	0.88349
111.2971	0.88351
111.3271	0.88354
111.3571	0.88357
111.3871	0.8836
111.4171	0.88363
111.4471	0.88365
111.4771	0.88368
111.5071	0.88371
111.5371	0.88374
111.5671	0.88376
111.5971	0.88379
111.6271	0.88382
111.6571	0.88385
111.6871	0.88387
111.7171	0.8839
111.7471	0.88393
111.7771	0.88395
111.8071	0.88398
111.8371	0.88401
111.8671	0.88403
111.8971	0.88406
111.9271	0.88409
111.9571	0.88412
111.9871	0.88414
112.0171	0.88417
112.0471	0.8842
112.0771	0.88422
112.1071	0.88425
112.1371	0.88428
112.1671	0.8843
112.1971	0.88433
112.2271	0.88435
112.2571	0.88438
112.2871	0.88441
112.3171	0.88443
112.3471	0.88446
112.3771	0.88449
112.4071	0.88451
112.437	0.88454
112.467	0.88456
112.497	0.88459
112.527	0.88462
112.557	0.88464
112.587	0.88467
112.617	0.88469
112.647	0.88472
112.677	0.88474
112.707	0.88477
112.737	0.8848
112.767	0.88482
112.797	0.88485
112.827	0.88487
112.857	0.8849
112.887	0.88492
112.917	0.88495
112.947	0.88497
112.977	0.885
113.007	0.88502
113.037	0.88505
113.067	0.88507
113.097	0.8851
113.127	0.88512
113.157	0.88515
113.187	0.88517
113.217	0.8852
113.247	0.88522
113.277	0.88525
113.307	0.88527
113.337	0.8853
113.367	0.88532
113.397	0.88535
113.427	0.88537
113.457	0.8854
113.487	0.88542
113.517	0.88544
113.547	0.88547
113.577	0.88549
113.607	0.88552
113.637	0.88554
113.667	0.88557
113.697	0.88559
113.727	0.88561
113.757	0.88564
113.787	0.88566
113.817	0.88569
113.847	0.88571
113.877	0.88573
113.907	0.88576
113.937	0.88578
113.967	0.88581
113.997	0.88583
114.027	0.88585
114.057	0.88588
114.087	0.8859
114.117	0.88593
114.147	0.88595
114.177	0.88597
114.207	0.886
114.237	0.88602
114.267	0.88604
114.297	0.88607
114.327	0.88609
114.357	0.88611
114.387	0.88614
114.417	0.88616
114.447	0.88618
114.477	0.88621
114.507	0.88623
114.537	0.88625
114.567	0.88628
114.597	0.8863
114.627	0.88632
114.657	0.88634
114.687	0.88637
114.717	0.88639
114.747	0.88641
114.777	0.88644
114.807	0.88646
114.837	0.88648
114.867	0.8865
114.8969	0.88653
114.9269	0.88655
114.9569	0.88657
114.9869	0.88659
115.0169	0.88662
115.0469	0.88664
115.0769	0.88666
115.1069	0.88668
115.1369	0.88671
115.1669	0.88673
115.1969	0.88675
115.2269	0.88677
115.2569	0.8868
115.2869	0.88682
115.3169	0.88684
115.3469	0.88686
115.3769	0.88688
115.4069	0.88691
115.4369	0.88693
115.4669	0.88695
115.4969	0.88697
115.5269	0.887
115.5569	0.88702
115.5869	0.88704
115.6169	0.88706
115.6469	0.88708
115.6769	0.8871
115.7069	0.88713
115.7369	0.88715
115.7669	0.88717
115.7969	0.88719
115.8269	0.88721
115.8569	0.88723
115.8869	0.88726
115.9169	0.88728
115.9469	0.8873
115.9769	0.88732
116.0069	0.88734
116.0369	0.88736
116.0669	0.88739
116.0969	0.88741
116.1269	0.88743
116.1569	0.88745
116.1869	0.88747
116.2169	0.88749
116.2469	0.88751
116.2769	0.88753
116.3069	0.88756
116.3369	0.88758
116.3669	0.8876
116.3969	0.88762
116.4269	0.88764
116.4569	0.88766
116.4869	0.88768
116.5169	0.8877
116.5469	0.88772
116.5769	0.88775
116.6069	0.88777
116.6369	0.88779
116.6669	0.88781
116.6969	0.88783
116.7269	0.88785
116.7569	0.88787
116.7869	0.88789
116.8169	0.88791
116.8469	0.88793
116.8769	0.88795
116.9069	0.88797
116.9369	0.888
116.9669	0.88802
116.9969	0.88804
117.0269	0.88806
117.0569	0.88808
117.0869	0.8881
117.1169	0.88812
117.1469	0.88814
117.1769	0.88816
117.2069	0.88818
117.2369	0.8882
117.2669	0.88822
117.2969	0.88824
117.3269	0.88826
117.3568	0.88828
117.3868	0.8883
117.4168	0.88832
117.4468	0.88834
117.4768	0.88836
117.5068	0.88838
117.5368	0.8884
117.5668	0.88842
117.5968	0.88844
117.6268	0.88846
117.6568	0.88848
117.6868	0.8885
117.7168	0.88852
117.7468	0.88854
117.7768	0.88856
117.8068	0.88858
117.8368	0.8886
117.8668	0.88862
117.8968	0.88864
117.9268	0.88866
117.9568	0.88868
117.9868	0.8887
118.0168	0.88872
118.0468	0.88874
118.0768	0.88876
118.1068	0.88878
118.1368	0.8888
118.1668	0.88882
118.1968	0.88884
118.2268	0.88886
118.2568	0.88888
118.2868	0.8889
118.3168	0.88892
118.3468	0.88894
118.3768	0.88896
118.4068	0.88898
118.4368	0.889
118.4668	0.88902
118.4968	0.88904
118.5268	0.88906
118.5568	0.88908
118.5868	0.8891
118.6168	0.88912
118.6468	0.88914
118.6768	0.88916
118.7068	0.88918
118.7368	0.88919
118.7668	0.88921
118.7968	0.88923
118.8268	0.88925
118.8568	0.88927
118.8868	0.88929
118.9168	0.88931
118.9468	0.88933
118.9768	0.88935
119.0068	0.88937
119.0368	0.88939
119.0668	0.88941
119.0968	0.88943
119.1268	0.88945
119.1568	0.88946
119.1868	0.88948
119.2168	0.8895
119.2468	0.88952
119.2768	0.88954
119.3068	0.88956
119.3368	0.88958
119.3668	0.8896
119.3968	0.88962
119.4268	0.88964
119.4568	0.88966
119.4868	0.88968
119.5168	0.88969
119.5468	0.88971
119.5768	0.88973
119.6068	0.88975
119.6368	0.88977
119.6668	0.88979
119.6968	0.88981
119.7268	0.88983
119.7568	0.88985
119.7868	0.88987
119.8167	0.88988
119.8467	0.8899
119.8767	0.88992
119.9067	0.88994
119.9367	0.88996
119.9667	0.88998
119.9967	0.89
120.0267	0.89002
120.0567	0.89004
120.0867	0.89005
120.1167	0.89007
120.1467	0.89009
120.1767	0.89011
120.2067	0.89013
120.2367	0.89015
120.2667	0.89017
120.2967	0.89019
120.3267	0.8902
120.3567	0.89022
120.3867	0.89024
120.4167	0.89026
120.4467	0.89028
120.4767	0.8903
120.5067	0.89032
120.5367	0.89034
120.5667	0.89035
120.5967	0.89037
120.6267	0.89039
120.6567	0.89041
120.6867	0.89043
120.7167	0.89045
120.7467	0.89047
120.7767	0.89049
120.8067	0.8905
120.8367	0.89052
120.8667	0.89054
120.8967	0.89056
120.9267	0.89058
120.9567	0.8906
120.9867	0.89062
121.0167	0.89063
121.0467	0.89065
121.0767	0.89067
121.1067	0.89069
121.1367	0.89071
121.1667	0.89073
121.1967	0.89075
121.2267	0.89076
121.2567	0.89078
121.2867	0.8908
121.3167	0.89082
121.3467	0.89084
121.3767	0.89086
121.4067	0.89087
121.4367	0.89089
121.4667	0.89091
121.4967	0.89093
121.5267	0.89095
121.5567	0.89097
121.5867	0.89098
121.6167	0.891
121.6467	0.89102
121.6767	0.89104
121.7067	0.89106
121.7367	0.89108
121.7667	0.89109
121.7967	0.89111
121.8267	0.89113
121.8567	0.89115
121.8867	0.89117
121.9167	0.89119
121.9467	0.8912
121.9767	0.89122
122.0067	0.89124
122.0367	0.89126
122.0667	0.89128
122.0967	0.89129
122.1267	0.89131
122.1567	0.89133
122.1867	0.89135
122.2167	0.89137
122.2467	0.89139
122.2766	0.8914
122.3066	0.89142
122.3366	0.89144
122.3666	0.89146
122.3966	0.89148
122.4266	0.89149
122.4566	0.89151
122.4866	0.89153
122.5166	0.89155
122.5466	0.89157
122.5766	0.89158
122.6066	0.8916
122.6366	0.89162
122.6666	0.89164
122.6966	0.89166
122.7266	0.89167
122.7566	0.89169
122.7866	0.89171
122.8166	0.89173
122.8466	0.89175
122.8766	0.89176
122.9066	0.89178
122.9366	0.8918
122.9666	0.89182
122.9966	0.89184
123.0266	0.89185
123.0566	0.89187
123.0866	0.89189
123.1166	0.89191
123.1466	0.89192
123.1766	0.89194
123.2066	0.89196
123.2366	0.89198
123.2666	0.892
123.2966	0.89201
123.3266	0.89203
123.3566	0.89205
123.3866	0.89207
123.4166	0.89208
123.4466	0.8921
123.4766	0.89212
123.5066	0.89214
123.5366	0.89215
123.5666	0.89217
123.5966	0.89219
123.6266	0.89221
123.6566	0.89223
123.6866	0.89224
123.7166	0.89226
123.7466	0.89228
123.7766	0.8923
123.8066	0.89231
123.8366	0.89233
123.8666	0.89235
123.8966	0.89237
123.9266	0.89238
123.9566	0.8924
123.9866	0.89242
124.0166	0.89244
124.0466	0.89245
124.0766	0.89247
124.1066	0.89249
124.1366	0.89251
124.1666	0.89252
124.1966	0.89254
124.2266	0.89256
124.2566	0.89258
124.2866	0.89259
124.3166	0.89261
124.3466	0.89263
124.3766	0.89265
124.4066	0.89266
124.4366	0.89268
124.4666	0.8927
124.4966	0.89271
124.5266	0.89273
124.5566	0.89275
124.5866	0.89277
124.6166	0.89278
124.6466	0.8928
124.6766	0.89282
124.7066	0.89284
124.7365	0.89285
124.7665	0.89287
124.7965	0.89289
124.8265	0.8929
124.8565	0.89292
124.8865	0.89294
124.9165	0.89296
124.9465	0.89297
124.9765	0.89299
125.0065	0.89301
125.0365	0.89302
125.0665	0.89304
125.0965	0.89306
125.1265	0.89308
125.1565	0.89309
125.1865	0.89311
125.2165	0.89313
125.2465	0.89314
125.2765	0.89316
125.3065	0.89318
125.3365	0.89319
125.3665	0.89321
125.3965	0.89323
125.4265	0.89325
125.4565	0.89326
125.4865	0.89328
125.5165	0.8933
125.5465	0.89331
125.5765	0.89333
125.6065	0.89335
125.6365	0.89336
125.6665	0.89338
125.6965	0.8934
125.7265	0.89341
125.7565	0.89343
125.7865	0.89345
125.8165	0.89347
125.8465	0.89348
125.8765	0.8935
125.9065	0.89352
125.9365	0.89353
125.9665	0.89355
125.9965	0.89357
126.0265	0.89358
126.0565	0.8936
126.0865	0.89362
126.1165	0.89363
126.1465	0.89365
126.1765	0.89367
126.2065	0.89368
126.2365	0.8937
126.2665	0.89372
126.2965	0.89373
126.3265	0.89375
126.3565	0.89377
126.3865	0.89378
126.4165	0.8938
126.4465	0.89382
126.4765	0.89383
126.5065	0.89385
126.5365	0.89387
126.5665	0.89388
126.5965	0.8939
126.6265	0.89392
126.6565	0.89393
126.6865	0.89395
126.7165	0.89396
126.7465	0.89398
126.7765	0.894
126.8065	0.89401
126.8365	0.89403
126.8665	0.89405
126.8965	0.89406
126.9265	0.89408
126.9565	0.8941
126.9865	0.89411
127.0165	0.89413
127.0465	0.89415
127.0765	0.89416
127.1065	0.89418
127.1365	0.89419
127.1665	0.89421
127.1964	0.89423
127.2264	0.89424
127.2564	0.89426
127.2864	0.89428
127.3164	0.89429
127.3464	0.89431
127.3764	0.89432
127.4064	0.89434
127.4364	0.89436
127.4664	0.89437
127.4964	0.89439
127.5264	0.89441
127.5564	0.89442
127.5864	0.89444
127.6164	0.89445
127.6464	0.89447
127.6764	0.89449
127.7064	0.8945
127.7364	0.89452
127.7664	0.89453
127.7964	0.89455
127.8264	0.89457
127.8564	0.89458
127.8864	0.8946
127.9164	0.89461
127.9464	0.89463
127.9764	0.89465
128.0064	0.89466
128.0364	0.89468
128.0664	0.89469
128.0964	0.89471
128.1264	0.89473
128.1564	0.89474
128.1864	0.89476
128.2164	0.89477
128.2464	0.89479
128.2764	0.89481
128.3064	0.89482
128.3364	0.89484
128.3664	0.89485
128.3964	0.89487
128.4264	0.89488
128.4564	0.8949
128.4864	0.89492
128.5164	0.89493
128.5464	0.89495
128.5764	0.89496
128.6064	0.89498
128.6364	0.89499
128.6664	0.89501
128.6964	0.89503
128.7264	0.89504
128.7564	0.89506
128.7864	0.89507
128.8164	0.89509
128.8464	0.8951
128.8764	0.89512
128.9064	0.89514
128.9364	0.89515
128.9664	0.89517
128.9964	0.89518
129.0264	0.8952
129.0564	0.89521
129.0864	0.89523
129.1164	0.89524
129.1464	0.89526
129.1764	0.89528
129.2064	0.89529
129.2364	0.89531
129.2664	0.89532
129.2964	0.89534
129.3264	0.89535
129.3564	0.89537
129.3864	0.89538
129.4164	0.8954
129.4464	0.89541
129.4764	0.89543
129.5064	0.89545
129.5364	0.89546
129.5664	0.89548
129.5964	0.89549
129.6264	0.89551
129.6564	0.89552
129.6864	0.89554
129.7164	0.89555
129.7464	0.89557
129.7764	0.89558
129.8064	0.8956
129.8363	0.89561
129.8663	0.89563
129.8963	0.89564
129.9263	0.89566
129.9563	0.89567
129.9863	0.89569
130.0163	0.8957
130.0463	0.89572
130.0763	0.89573
130.1063	0.89575
130.1363	0.89577
130.1663	0.89578
130.1963	0.8958
130.2263	0.89581
130.2563	0.89583
130.2863	0.89584
130.3163	0.89586
130.3463	0.89587
130.3763	0.89589
130.4063	0.8959
130.4363	0.89592
130.4663	0.89593
130.4963	0.89595
130.5263	0.89596
130.5563	0.89598
130.5863	0.89599
130.6163	0.896
130.6463	0.89602
130.6763	0.89603
130.7063	0.89605
130.7363	0.89606
130.7663	0.89608
130.7963	0.89609
130.8263	0.89611
130.8563	0.89612
130.8863	0.89614
130.9163	0.89615
130.9463	0.89617
130.9763	0.89618
131.0063	0.8962
131.0363	0.89621
131.0663	0.89623
131.0963	0.89624
131.1263	0.89626
131.1563	0.89627
131.1863	0.89629
131.2163	0.8963
131.2463	0.89631
131.2763	0.89633
131.3063	0.89634
131.3363	0.89636
131.3663	0.89637
131.3963	0.89639
131.4263	0.8964
131.4563	0.89642
131.4863	0.89643
131.5163	0.89645
131.5463	0.89646
131.5763	0.89647
131.6063	0.89649
131.6363	0.8965
131.6663	0.89652
131.6963	0.89653
131.7263	0.89655
131.7563	0.89656
131.7863	0.89658
131.8163	0.89659
131.8463	0.8966
131.8763	0.89662
131.9063	0.89663
131.9363	0.89665
131.9663	0.89666
131.9963	0.89668
132.0263	0.89669
132.0563	0.8967
132.0863	0.89672
132.1163	0.89673
132.1463	0.89675
132.1763	0.89676
132.2063	0.89678
132.2363	0.89679
132.2663	0.8968
132.2962	0.89682
132.3262	0.89683
132.3562	0.89685
132.3862	0.89686
132.4162	0.89688
132.4462	0.89689
132.4762	0.8969
132.5062	0.89692
132.5362	0.89693
132.5662	0.89695
132.5962	0.89696
132.6262	0.89697
132.6562	0.89699
132.6862	0.897
132.7162	0.89702
132.7462	0.89703
132.7762	0.89704
132.8062	0.89706
132.8362	0.89707
132.8662	0.89709
132.8962	0.8971
132.9262	0.89711
132.9562	0.89713
132.9862	0.89714
133.0162	0.89715
133.0462	0.89717
133.0762	0.89718
133.1062	0.8972
133.1362	0.89721
133.1662	0.89722
133.1962	0.89724
133.2262	0.89725
133.2562	0.89727
133.2862	0.89728
133.3162	0.89729
133.3462	0.89731
133.3762	0.89732
133.4062	0.89733
133.4362	0.89735
133.4662	0.89736
133.4962	0.89737
133.5262	0.89739
133.5562	0.8974
133.5862	0.89742
133.6162	0.89743
133.6462	0.89744
133.6762	0.89746
133.7062	0.89747
133.7362	0.89748
133.7662	0.8975
133.7962	0.89751
133.8262	0.89752
133.8562	0.89754
133.8862	0.89755
133.9162	0.89756
133.9462	0.89758
133.9762	0.89759
134.0062	0.8976
134.0362	0.89762
134.0662	0.89763
134.0962	0.89764
134.1262	0.89766
134.1562	0.89767
134.1862	0.89768
134.2162	0.8977
134.2462	0.89771
134.2762	0.89772
134.3062	0.89774
134.3362	0.89775
134.3662	0.89776
134.3962	0.89778
134.4262	0.89779
134.4562	0.8978
134.4862	0.89782
134.5162	0.89783
134.5462	0.89784
134.5762	0.89786
134.6062	0.89787
134.6362	0.89788
134.6662	0.8979
134.6962	0.89791
134.7262	0.89792
134.7561	0.89794
134.7861	0.89795
134.8161	0.89796
134.8461	0.89797
134.8761	0.89799
134.9061	0.898
134.9361	0.89801
134.9661	0.89803
134.9961	0.89804
135.0261	0.89805
135.0561	0.89807
135.0861	0.89808
135.1161	0.89809
135.1461	0.8981
135.1761	0.89812
135.2061	0.89813
135.2361	0.89814
135.2661	0.89816
135.2961	0.89817
135.3261	0.89818
135.3561	0.89819
135.3861	0.89821
135.4161	0.89822
135.4461	0.89823
135.4761	0.89824
135.5061	0.89826
135.5361	0.89827
135.5661	0.89828
135.5961	0.8983
135.6261	0.89831
135.6561	0.89832
135.6861	0.89833
135.7161	0.89835
135.7461	0.89836
135.7761	0.89837
135.8061	0.89838
135.8361	0.8984
135.8661	0.89841
135.8961	0.89842
135.9261	0.89843
135.9561	0.89845
135.9861	0.89846
136.0161	0.89847
136.0461	0.89848
136.0761	0.8985
136.1061	0.89851
136.1361	0.89852
136.1661	0.89853
136.1961	0.89855
136.2261	0.89856
136.2561	0.89857
136.2861	0.89858
136.3161	0.8986
136.3461	0.89861
136.3761	0.89862
136.4061	0.89863
136.4361	0.89864
136.4661	0.89866
136.4961	0.89867
136.5261	0.89868
136.5561	0.89869
136.5861	0.89871
136.6161	0.89872
136.6461	0.89873
136.6761	0.89874
136.7061	0.89875
136.7361	0.89877
136.7661	0.89878
136.7961	0.89879
136.8261	0.8988
136.8561	0.89882
136.8861	0.89883
136.9161	0.89884
136.9461	0.89885
136.9761	0.89886
137.0061	0.89888
137.0361	0.89889
137.0661	0.8989
137.0961	0.89891
137.1261	0.89892
137.1561	0.89894
137.1861	0.89895
137.216	0.89896
137.246	0.89897
137.276	0.89898
137.306	0.89899
137.336	0.89901
137.366	0.89902
137.396	0.89903
137.426	0.89904
137.456	0.89905
137.486	0.89907
137.516	0.89908
137.546	0.89909
137.576	0.8991
137.606	0.89911
137.636	0.89912
137.666	0.89914
137.696	0.89915
137.726	0.89916
137.756	0.89917
137.786	0.89918
137.816	0.89919
137.846	0.89921
137.876	0.89922
137.906	0.89923
137.936	0.89924
137.966	0.89925
137.996	0.89926
138.026	0.89928
138.056	0.89929
138.086	0.8993
138.116	0.89931
138.146	0.89932
138.176	0.89933
138.206	0.89934
138.236	0.89936
138.266	0.89937
138.296	0.89938
138.326	0.89939
138.356	0.8994
138.386	0.89941
138.416	0.89942
138.446	0.89943
138.476	0.89945
138.506	0.89946
138.536	0.89947
138.566	0.89948
138.596	0.89949
138.626	0.8995
138.656	0.89951
138.686	0.89952
138.716	0.89954
138.746	0.89955
138.776	0.89956
138.806	0.89957
138.836	0.89958
138.866	0.89959
138.896	0.8996
138.926	0.89961
138.956	0.89962
138.986	0.89964
139.016	0.89965
139.046	0.89966
139.076	0.89967
139.106	0.89968
139.136	0.89969
139.166	0.8997
139.196	0.89971
139.226	0.89972
139.256	0.89973
139.286	0.89975
139.316	0.89976
139.346	0.89977
139.376	0.89978
139.406	0.89979
139.436	0.8998
139.466	0.89981
139.496	0.89982
139.526	0.89983
139.556	0.89984
139.586	0.89985
139.616	0.89986
139.646	0.89987
139.6759	0.89989
139.7059	0.8999
139.7359	0.89991
139.7659	0.89992
139.7959	0.89993
139.8259	0.89994
139.8559	0.89995
139.8859	0.89996
139.9159	0.89997
139.9459	0.89998
139.9759	0.89999
140.0059	0.9
140.0359	0.90001
140.0659	0.90002
140.0959	0.90003
140.1259	0.90004
140.1559	0.90005
140.1859	0.90006
140.2159	0.90008
140.2459	0.90009
140.2759	0.9001
140.3059	0.90011
140.3359	0.90012
140.3659	0.90013
140.3959	0.90014
140.4259	0.90015
140.4559	0.90016
140.4859	0.90017
140.5159	0.90018
140.5459	0.90019
140.5759	0.9002
140.6059	0.90021
140.6359	0.90022
140.6659	0.90023
140.6959	0.90024
140.7259	0.90025
140.7559	0.90026
140.7859	0.90027
140.8159	0.90028
140.8459	0.90029
140.8759	0.9003
140.9059	0.90031
140.9359	0.90032
140.9659	0.90033
140.9959	0.90034
141.0259	0.90035
141.0559	0.90036
141.0859	0.90037
141.1159	0.90038
141.1459	0.90039
141.1759	0.9004
141.2059	0.90041
141.2359	0.90042
141.2659	0.90043
141.2959	0.90044
141.3259	0.90045
141.3559	0.90046
141.3859	0.90047
141.4159	0.90048
141.4459	0.90049
141.4759	0.9005
141.5059	0.90051
141.5359	0.90052
141.5659	0.90053
141.5959	0.90054
141.6259	0.90055
141.6559	0.90056
141.6859	0.90057
141.7159	0.90058
141.7459	0.90059
141.7759	0.9006
141.8059	0.90061
141.8359	0.90062
141.8659	0.90063
141.8959	0.90063
141.9259	0.90064
141.9559	0.90065
141.9859	0.90066
142.0159	0.90067
142.0459	0.90068
142.0759	0.90069
142.1059	0.9007
142.1358	0.90071
142.1658	0.90072
142.1958	0.90073
142.2258	0.90074
142.2558	0.90075
142.2858	0.90076
142.3158	0.90077
142.3458	0.90078
142.3758	0.90079
142.4058	0.9008
142.4358	0.90081
142.4658	0.90081
142.4958	0.90082
142.5258	0.90083
142.5558	0.90084
142.5858	0.90085
142.6158	0.90086
142.6458	0.90087
142.6758	0.90088
142.7058	0.90089
142.7358	0.9009
142.7658	0.90091
142.7958	0.90092
142.8258	0.90093
142.8558	0.90093
142.8858	0.90094
142.9158	0.90095
142.9458	0.90096
142.9758	0.90097
143.0058	0.90098
143.0358	0.90099
143.0658	0.901
143.0958	0.90101
143.1258	0.90102
143.1558	0.90102
143.1858	0.90103
143.2158	0.90104
143.2458	0.90105
143.2758	0.90106
143.3058	0.90107
143.3358	0.90108
143.3658	0.90109
143.3958	0.9011
143.4258	0.9011
143.4558	0.90111
143.4858	0.90112
143.5158	0.90113
143.5458	0.90114
143.5758	0.90115
143.6058	0.90116
143.6358	0.90117
143.6658	0.90118
143.6958	0.90118
143.7258	0.90119
143.7558	0.9012
143.7858	0.90121
143.8158	0.90122
143.8458	0.90123
143.8758	0.90124
143.9058	0.90124
143.9358	0.90125
143.9658	0.90126
143.9958	0.90127
144.0258	0.90128
144.0558	0.90129
144.0858	0.9013
144.1158	0.90131
144.1458	0.90131
144.1758	0.90132
144.2058	0.90133
144.2358	0.90134
144.2658	0.90135
144.2958	0.90136
144.3258	0.90136
144.3558	0.90137
144.3858	0.90138
144.4158	0.90139
144.4458	0.9014
144.4758	0.90141
144.5058	0.90141
144.5358	0.90142
144.5658	0.90143
144.5957	0.90144
144.6257	0.90145
144.6557	0.90146
144.6857	0.90146
144.7157	0.90147
144.7457	0.90148
144.7757	0.90149
144.8057	0.9015
144.8357	0.90151
144.8657	0.90151
144.8957	0.90152
144.9257	0.90153
144.9557	0.90154
144.9857	0.90155
145.0157	0.90156
145.0457	0.90156
145.0757	0.90157
145.1057	0.90158
145.1357	0.90159
145.1657	0.9016
145.1957	0.9016
145.2257	0.90161
145.2557	0.90162
145.2857	0.90163
145.3157	0.90164
145.3457	0.90164
145.3757	0.90165
145.4057	0.90166
145.4357	0.90167
145.4657	0.90168
145.4957	0.90168
145.5257	0.90169
145.5557	0.9017
145.5857	0.90171
145.6157	0.90172
145.6457	0.90172
145.6757	0.90173
145.7057	0.90174
145.7357	0.90175
145.7657	0.90175
145.7957	0.90176
145.8257	0.90177
145.8557	0.90178
145.8857	0.90179
145.9157	0.90179
145.9457	0.9018
145.9757	0.90181
146.0057	0.90182
146.0357	0.90182
146.0657	0.90183
146.0957	0.90184
146.1257	0.90185
146.1557	0.90185
146.1857	0.90186
146.2157	0.90187
146.2457	0.90188
146.2757	0.90189
146.3057	0.90189
146.3357	0.9019
146.3657	0.90191
146.3957	0.90192
146.4257	0.90192
146.4557	0.90193
146.4857	0.90194
146.5157	0.90195
146.5457	0.90195
146.5757	0.90196
146.6057	0.90197
146.6357	0.90198
146.6657	0.90198
146.6957	0.90199
146.7257	0.902
146.7557	0.902
146.7857	0.90201
146.8157	0.90202
146.8457	0.90203
146.8757	0.90203
146.9057	0.90204
146.9357	0.90205
146.9657	0.90206
146.9957	0.90206
147.0257	0.90207
147.0556	0.90208
147.0856	0.90209
147.1156	0.90209
147.1456	0.9021
147.1756	0.90211
147.2056	0.90211
147.2356	0.90212
147.2656	0.90213
147.2956	0.90214
147.3256	0.90214
147.3556	0.90215
147.3856	0.90216
147.4156	0.90216
147.4456	0.90217
147.4756	0.90218
147.5056	0.90219
147.5356	0.90219
147.5656	0.9022
147.5956	0.90221
147.6256	0.90221
147.6556	0.90222
147.6856	0.90223
147.7156	0.90223
147.7456	0.90224
147.7756	0.90225
147.8056	0.90226
147.8356	0.90226
147.8656	0.90227
147.8956	0.90228
147.9256	0.90228
147.9556	0.90229
147.9856	0.9023
148.0156	0.9023
148.0456	0.90231
148.0756	0.90232
148.1056	0.90232
148.1356	0.90233
148.1656	0.90234
148.1956	0.90234
148.2256	0.90235
148.2556	0.90236
148.2856	0.90236
148.3156	0.90237
148.3456	0.90238
148.3756	0.90239
148.4056	0.90239
148.4356	0.9024
148.4656	0.90241
148.4956	0.90241
148.5256	0.90242
148.5556	0.90243
148.5856	0.90243
148.6156	0.90244
148.6456	0.90245
148.6756	0.90245
148.7056	0.90246
148.7356	0.90246
148.7656	0.90247
148.7956	0.90248
148.8256	0.90248
148.8556	0.90249
148.8856	0.9025
148.9156	0.9025
148.9456	0.90251
148.9756	0.90252
149.0056	0.90252
149.0356	0.90253
149.0656	0.90254
149.0956	0.90254
149.1256	0.90255
149.1556	0.90256
149.1856	0.90256
149.2156	0.90257
149.2456	0.90257
149.2756	0.90258
149.3056	0.90259
149.3356	0.90259
149.3656	0.9026
149.3956	0.90261
149.4256	0.90261
149.4556	0.90262
149.4855	0.90263
149.5155	0.90263
149.5455	0.90264
149.5755	0.90264
149.6055	0.90265
149.6355	0.90266
149.6655	0.90266
149.6955	0.90267
149.7255	0.90268
149.7555	0.90268
149.7855	0.90269
149.8155	0.90269
149.8455	0.9027
149.8755	0.90271
149.9055	0.90271
149.9355	0.90272
149.9655	0.90272
149.9955	0.90273
150.0255	0.90274
150.0555	0.90274
150.0855	0.90275
150.1155	0.90275
150.1455	0.90276
150.1755	0.90277
150.2055	0.90277
150.2355	0.90278
150.2655	0.90278
150.2955	0.90279
150.3255	0.9028
150.3555	0.9028
150.3855	0.90281
150.4155	0.90281
150.4455	0.90282
150.4755	0.90283
150.5055	0.90283
150.5355	0.90284
150.5655	0.90284
150.5955	0.90285
150.6255	0.90286
150.6555	0.90286
150.6855	0.90287
150.7155	0.90287
150.7455	0.90288
150.7755	0.90288
150.8055	0.90289
150.8355	0.9029
150.8655	0.9029
150.8955	0.90291
150.9255	0.90291
150.9555	0.90292
150.9855	0.90292
151.0155	0.90293
151.0455	0.90294
151.0755	0.90294
151.1055	0.90295
151.1355	0.90295
151.1655	0.90296
151.1955	0.90296
151.2255	0.90297
151.2555	0.90298
151.2855	0.90298
151.3155	0.90299
151.3455	0.90299
151.3755	0.903
151.4055	0.903
151.4355	0.90301
151.4655	0.90301
151.4955	0.90302
151.5255	0.90303
151.5555	0.90303
151.5855	0.90304
151.6155	0.90304
151.6455	0.90305
151.6755	0.90305
151.7055	0.90306
151.7355	0.90306
151.7655	0.90307
151.7955	0.90307
151.8255	0.90308
151.8555	0.90309
151.8855	0.90309
151.9155	0.9031
151.9454	0.9031
151.9754	0.90311
152.0054	0.90311
152.0354	0.90312
152.0654	0.90312
152.0954	0.90313
152.1254	0.90313
152.1554	0.90314
152.1854	0.90314
152.2154	0.90315
152.2454	0.90316
152.2754	0.90316
152.3054	0.90317
152.3354	0.90317
152.3654	0.90318
152.3954	0.90318
152.4254	0.90319
152.4554	0.90319
152.4854	0.9032
152.5154	0.9032
152.5454	0.90321
152.5754	0.90321
152.6054	0.90322
152.6354	0.90322
152.6654	0.90323
152.6954	0.90323
152.7254	0.90324
152.7554	0.90324
152.7854	0.90325
152.8154	0.90325
152.8454	0.90326
152.8754	0.90326
152.9054	0.90327
152.9354	0.90327
152.9654	0.90328
152.9954	0.90328
153.0254	0.90329
153.0554	0.90329
153.0854	0.9033
153.1154	0.9033
153.1454	0.90331
153.1754	0.90331
153.2054	0.90332
153.2354	0.90332
153.2654	0.90333
153.2954	0.90333
153.3254	0.90334
153.3554	0.90334
153.3854	0.90335
153.4154	0.90335
153.4454	0.90336
153.4754	0.90336
153.5054	0.90337
153.5354	0.90337
153.5654	0.90338
153.5954	0.90338
153.6254	0.90339
153.6554	0.90339
153.6854	0.9034
153.7154	0.9034
153.7454	0.9034
153.7754	0.90341
153.8054	0.90341
153.8354	0.90342
153.8654	0.90342
153.8954	0.90343
153.9254	0.90343
153.9554	0.90344
153.9854	0.90344
154.0154	0.90345
154.0454	0.90345
154.0754	0.90346
154.1054	0.90346
154.1354	0.90347
154.1654	0.90347
154.1954	0.90347
154.2254	0.90348
154.2554	0.90348
154.2854	0.90349
154.3154	0.90349
154.3454	0.9035
154.3754	0.9035
154.4053	0.90351
154.4353	0.90351
154.4653	0.90352
154.4953	0.90352
154.5253	0.90352
154.5553	0.90353
154.5853	0.90353
154.6153	0.90354
154.6453	0.90354
154.6753	0.90355
154.7053	0.90355
154.7353	0.90356
154.7653	0.90356
154.7953	0.90356
154.8253	0.90357
154.8553	0.90357
154.8853	0.90358
154.9153	0.90358
154.9453	0.90359
154.9753	0.90359
155.0053	0.9036
155.0353	0.9036
155.0653	0.9036
155.0953	0.90361
155.1253	0.90361
155.1553	0.90362
155.1853	0.90362
155.2153	0.90363
155.2453	0.90363
155.2753	0.90363
155.3053	0.90364
155.3353	0.90364
155.3653	0.90365
155.3953	0.90365
155.4253	0.90365
155.4553	0.90366
155.4853	0.90366
155.5153	0.90367
155.5453	0.90367
155.5753	0.90368
155.6053	0.90368
155.6353	0.90368
155.6653	0.90369
155.6953	0.90369
155.7253	0.9037
155.7553	0.9037
155.7853	0.9037
155.8153	0.90371
155.8453	0.90371
155.8753	0.90372
155.9053	0.90372
155.9353	0.90372
155.9653	0.90373
155.9953	0.90373
156.0253	0.90374
156.0553	0.90374
156.0853	0.90374
156.1153	0.90375
156.1453	0.90375
156.1753	0.90376
156.2053	0.90376
156.2353	0.90376
156.2653	0.90377
156.2953	0.90377
156.3253	0.90378
156.3553	0.90378
156.3853	0.90378
156.4153	0.90379
156.4453	0.90379
156.4753	0.9038
156.5053	0.9038
156.5353	0.9038
156.5653	0.90381
156.5953	0.90381
156.6253	0.90382
156.6553	0.90382
156.6853	0.90382
156.7153	0.90383
156.7453	0.90383
156.7753	0.90383
156.8053	0.90384
156.8353	0.90384
156.8652	0.90385
156.8952	0.90385
156.9252	0.90385
156.9552	0.90386
156.9852	0.90386
157.0152	0.90386
157.0452	0.90387
157.0752	0.90387
157.1052	0.90388
157.1352	0.90388
157.1652	0.90388
157.1952	0.90389
157.2252	0.90389
157.2552	0.90389
157.2852	0.9039
157.3152	0.9039
157.3452	0.9039
157.3752	0.90391
157.4052	0.90391
157.4352	0.90392
157.4652	0.90392
157.4952	0.90392
157.5252	0.90393
157.5552	0.90393
157.5852	0.90393
157.6152	0.90394
157.6452	0.90394
157.6752	0.90394
157.7052	0.90395
157.7352	0.90395
157.7652	0.90395
157.7952	0.90396
157.8252	0.90396
157.8552	0.90397
157.8852	0.90397
157.9152	0.90397
157.9452	0.90398
157.9752	0.90398
158.0052	0.90398
158.0352	0.90399
158.0652	0.90399
158.0952	0.90399
158.1252	0.904
158.1552	0.904
158.1852	0.904
158.2152	0.90401
158.2452	0.90401
158.2752	0.90401
158.3052	0.90402
158.3352	0.90402
158.3652	0.90402
158.3952	0.90403
158.4252	0.90403
158.4552	0.90403
158.4852	0.90404
158.5152	0.90404
158.5452	0.90404
158.5752	0.90405
158.6052	0.90405
158.6352	0.90405
158.6652	0.90406
158.6952	0.90406
158.7252	0.90406
158.7552	0.90407
158.7852	0.90407
158.8152	0.90407
158.8452	0.90408
158.8752	0.90408
158.9052	0.90408
158.9352	0.90408
158.9652	0.90409
158.9952	0.90409
159.0252	0.90409
159.0552	0.9041
159.0852	0.9041
159.1152	0.9041
159.1452	0.90411
159.1752	0.90411
159.2052	0.90411
159.2352	0.90412
159.2652	0.90412
159.2952	0.90412
159.3251	0.90413
159.3551	0.90413
159.3851	0.90413
159.4151	0.90413
159.4451	0.90414
159.4751	0.90414
159.5051	0.90414
159.5351	0.90415
159.5651	0.90415
159.5951	0.90415
159.6251	0.90416
159.6551	0.90416
159.6851	0.90416
159.7151	0.90417
159.7451	0.90417
159.7751	0.90417
159.8051	0.90417
159.8351	0.90418
159.8651	0.90418
159.8951	0.90418
159.9251	0.90419
159.9551	0.90419
159.9851	0.90419
160.0151	0.90419
160.0451	0.9042
160.0751	0.9042
160.1051	0.9042
160.1351	0.90421
160.1651	0.90421
160.1951	0.90421
160.2251	0.90421
160.2551	0.90422
160.2851	0.90422
160.3151	0.90422
160.3451	0.90423
160.3751	0.90423
160.4051	0.90423
160.4351	0.90423
160.4651	0.90424
160.4951	0.90424
160.5251	0.90424
160.5551	0.90425
160.5851	0.90425
160.6151	0.90425
160.6451	0.90425
160.6751	0.90426
160.7051	0.90426
160.7351	0.90426
160.7651	0.90426
160.7951	0.90427
160.8251	0.90427
160.8551	0.90427
160.8851	0.90428
160.9151	0.90428
160.9451	0.90428
160.9751	0.90428
161.0051	0.90429
161.0351	0.90429
161.0651	0.90429
161.0951	0.90429
161.1251	0.9043
161.1551	0.9043
161.1851	0.9043
161.2151	0.9043
161.2451	0.90431
161.2751	0.90431
161.3051	0.90431
161.3351	0.90431
161.3651	0.90432
161.3951	0.90432
161.4251	0.90432
161.4551	0.90433
161.4851	0.90433
161.5151	0.90433
161.5451	0.90433
161.5751	0.90434
161.6051	0.90434
161.6351	0.90434
161.6651	0.90434
161.6951	0.90435
161.7251	0.90435
161.7551	0.90435
161.785	0.90435
161.815	0.90436
161.845	0.90436
161.875	0.90436
161.905	0.90436
161.935	0.90436
161.965	0.90437
161.995	0.90437
162.025	0.90437
162.055	0.90437
162.085	0.90438
162.115	0.90438
162.145	0.90438
162.175	0.90438
162.205	0.90439
162.235	0.90439
162.265	0.90439
162.295	0.90439
162.325	0.9044
162.355	0.9044
162.385	0.9044
162.415	0.9044
162.445	0.90441
162.475	0.90441
162.505	0.90441
162.535	0.90441
162.565	0.90441
162.595	0.90442
162.625	0.90442
162.655	0.90442
162.685	0.90442
162.715	0.90443
162.745	0.90443
162.775	0.90443
162.805	0.90443
162.835	0.90443
162.865	0.90444
162.895	0.90444
162.925	0.90444
162.955	0.90444
162.985	0.90445
163.015	0.90445
163.045	0.90445
163.075	0.90445
163.105	0.90445
163.135	0.90446
163.165	0.90446
163.195	0.90446
163.225	0.90446
163.255	0.90447
163.285	0.90447
163.315	0.90447
163.345	0.90447
163.375	0.90447
163.405	0.90448
163.435	0.90448
163.465	0.90448
163.495	0.90448
163.525	0.90448
163.555	0.90449
163.585	0.90449
163.615	0.90449
163.645	0.90449
163.675	0.90449
163.705	0.9045
163.735	0.9045
163.765	0.9045
163.795	0.9045
163.825	0.90451
163.855	0.90451
163.885	0.90451
163.915	0.90451
163.945	0.90451
163.975	0.90452
164.005	0.90452
164.035	0.90452
164.065	0.90452
164.095	0.90452
164.125	0.90453
164.155	0.90453
164.185	0.90453
164.215	0.90453
164.2449	0.90453
164.2749	0.90453
164.3049	0.90454
164.3349	0.90454
164.3649	0.90454
164.3949	0.90454
164.4249	0.90454
164.4549	0.90455
164.4849	0.90455
164.5149	0.90455
164.5449	0.90455
164.5749	0.90455
164.6049	0.90456
164.6349	0.90456
164.6649	0.90456
164.6949	0.90456
164.7249	0.90456
164.7549	0.90457
164.7849	0.90457
164.8149	0.90457
164.8449	0.90457
164.8749	0.90457
164.9049	0.90457
164.9349	0.90458
164.9649	0.90458
164.9949	0.90458
165.0249	0.90458
165.0549	0.90458
165.0849	0.90458
165.1149	0.90459
165.1449	0.90459
165.1749	0.90459
165.2049	0.90459
165.2349	0.90459
165.2649	0.9046
165.2949	0.9046
165.3249	0.9046
165.3549	0.9046
165.3849	0.9046
165.4149	0.9046
165.4449	0.90461
165.4749	0.90461
165.5049	0.90461
165.5349	0.90461
165.5649	0.90461
165.5949	0.90461
165.6249	0.90462
165.6549	0.90462
165.6849	0.90462
165.7149	0.90462
165.7449	0.90462
165.7749	0.90462
165.8049	0.90463
165.8349	0.90463
165.8649	0.90463
165.8949	0.90463
165.9249	0.90463
165.9549	0.90463
165.9849	0.90464
166.0149	0.90464
166.0449	0.90464
166.0749	0.90464
166.1049	0.90464
166.1349	0.90464
166.1649	0.90465
166.1949	0.90465
166.2249	0.90465
166.2549	0.90465
166.2849	0.90465
166.3149	0.90465
166.3449	0.90465
166.3749	0.90466
166.4049	0.90466
166.4349	0.90466
166.4649	0.90466
166.4949	0.90466
166.5249	0.90466
166.5549	0.90467
166.5849	0.90467
166.6149	0.90467
166.6449	0.90467
166.6749	0.90467
166.7048	0.90467
166.7348	0.90467
166.7648	0.90468
166.7948	0.90468
166.8248	0.90468
166.8548	0.90468
166.8848	0.90468
166.9148	0.90468
166.9448	0.90468
166.9748	0.90469
167.0048	0.90469
167.0348	0.90469
167.0648	0.90469
167.0948	0.90469
167.1248	0.90469
167.1548	0.90469
167.1848	0.9047
167.2148	0.9047
167.2448	0.9047
167.2748	0.9047
167.3048	0.9047
167.3348	0.9047
167.3648	0.9047
167.3948	0.90471
167.4248	0.90471
167.4548	0.90471
167.4848	0.90471
167.5148	0.90471
167.5448	0.90471
167.5748	0.90471
167.6048	0.90472
167.6348	0.90472
167.6648	0.90472
167.6948	0.90472
167.7248	0.90472
167.7548	0.90472
167.7848	0.90472
167.8148	0.90472
167.8448	0.90473
167.8748	0.90473
167.9048	0.90473
167.9348	0.90473
167.9648	0.90473
167.9948	0.90473
168.0248	0.90473
168.0548	0.90473
168.0848	0.90474
168.1148	0.90474
168.1448	0.90474
168.1748	0.90474
168.2048	0.90474
168.2348	0.90474
168.2648	0.90474
168.2948	0.90474
168.3248	0.90475
168.3548	0.90475
168.3848	0.90475
168.4148	0.90475
168.4448	0.90475
168.4748	0.90475
168.5048	0.90475
168.5348	0.90475
168.5648	0.90476
168.5948	0.90476
168.6248	0.90476
168.6548	0.90476
168.6848	0.90476
168.7148	0.90476
168.7448	0.90476
168.7748	0.90476
168.8048	0.90477
168.8348	0.90477
168.8648	0.90477
168.8948	0.90477
168.9248	0.90477
168.9548	0.90477
168.9848	0.90477
169.0148	0.90477
169.0448	0.90477
169.0748	0.90478
169.1048	0.90478
169.1348	0.90478
169.1647	0.90478
169.1947	0.90478
169.2247	0.90478
169.2547	0.90478
169.2847	0.90478
169.3147	0.90478
169.3447	0.90479
169.3747	0.90479
169.4047	0.90479
169.4347	0.90479
169.4647	0.90479
169.4947	0.90479
169.5247	0.90479
169.5547	0.90479
169.5847	0.90479
169.6147	0.90479
169.6447	0.9048
169.6747	0.9048
169.7047	0.9048
169.7347	0.9048
169.7647	0.9048
169.7947	0.9048
169.8247	0.9048
169.8547	0.9048
169.8847	0.9048
169.9147	0.90481
169.9447	0.90481
169.9747	0.90481
170.0047	0.90481
170.0347	0.90481
170.0647	0.90481
170.0947	0.90481
170.1247	0.90481
170.1547	0.90481
170.1847	0.90481
170.2147	0.90482
170.2447	0.90482
170.2747	0.90482
170.3047	0.90482
170.3347	0.90482
170.3647	0.90482
170.3947	0.90482
170.4247	0.90482
170.4547	0.90482
170.4847	0.90482
170.5147	0.90482
170.5447	0.90483
170.5747	0.90483
170.6047	0.90483
170.6347	0.90483
170.6647	0.90483
170.6947	0.90483
170.7247	0.90483
170.7547	0.90483
170.7847	0.90483
170.8147	0.90483
170.8447	0.90483
170.8747	0.90484
170.9047	0.90484
170.9347	0.90484
170.9647	0.90484
170.9947	0.90484
171.0247	0.90484
171.0547	0.90484
171.0847	0.90484
171.1147	0.90484
171.1447	0.90484
171.1747	0.90484
171.2047	0.90485
171.2347	0.90485
171.2647	0.90485
171.2947	0.90485
171.3247	0.90485
171.3547	0.90485
171.3847	0.90485
171.4147	0.90485
171.4447	0.90485
171.4747	0.90485
171.5047	0.90485
171.5347	0.90485
171.5647	0.90486
171.5947	0.90486
171.6246	0.90486
171.6546	0.90486
171.6846	0.90486
171.7146	0.90486
171.7446	0.90486
171.7746	0.90486
171.8046	0.90486
171.8346	0.90486
171.8646	0.90486
171.8946	0.90486
171.9246	0.90486
171.9546	0.90487
171.9846	0.90487
172.0146	0.90487
172.0446	0.90487
172.0746	0.90487
172.1046	0.90487
172.1346	0.90487
172.1646	0.90487
172.1946	0.90487
172.2246	0.90487
172.2546	0.90487
172.2846	0.90487
172.3146	0.90487
172.3446	0.90488
172.3746	0.90488
172.4046	0.90488
172.4346	0.90488
172.4646	0.90488
172.4946	0.90488
172.5246	0.90488
172.5546	0.90488
172.5846	0.90488
172.6146	0.90488
172.6446	0.90488
172.6746	0.90488
172.7046	0.90488
172.7346	0.90488
172.7646	0.90489
172.7946	0.90489
172.8246	0.90489
172.8546	0.90489
172.8846	0.90489
172.9146	0.90489
172.9446	0.90489
172.9746	0.90489
173.0046	0.90489
173.0346	0.90489
173.0646	0.90489
173.0946	0.90489
173.1246	0.90489
173.1546	0.90489
173.1846	0.90489
173.2146	0.9049
173.2446	0.9049
173.2746	0.9049
173.3046	0.9049
173.3346	0.9049
173.3646	0.9049
173.3946	0.9049
173.4246	0.9049
173.4546	0.9049
173.4846	0.9049
173.5146	0.9049
173.5446	0.9049
173.5746	0.9049
173.6046	0.9049
173.6346	0.9049
173.6646	0.90491
173.6946	0.90491
173.7246	0.90491
173.7546	0.90491
173.7846	0.90491
173.8146	0.90491
173.8446	0.90491
173.8746	0.90491
173.9046	0.90491
173.9346	0.90491
173.9646	0.90491
173.9946	0.90491
174.0246	0.90491
174.0546	0.90491
174.0845	0.90491
174.1145	0.90491
174.1445	0.90491
174.1745	0.90492
174.2045	0.90492
174.2345	0.90492
174.2645	0.90492
174.2945	0.90492
174.3245	0.90492
174.3545	0.90492
174.3845	0.90492
174.4145	0.90492
174.4445	0.90492
174.4745	0.90492
174.5045	0.90492
174.5345	0.90492
174.5645	0.90492
174.5945	0.90492
174.6245	0.90492
174.6545	0.90492
174.6845	0.90492
174.7145	0.90493
174.7445	0.90493
174.7745	0.90493
174.8045	0.90493
174.8345	0.90493
174.8645	0.90493
174.8945	0.90493
174.9245	0.90493
174.9545	0.90493
174.9845	0.90493
175.0145	0.90493
175.0445	0.90493
175.0745	0.90493
175.1045	0.90493
175.1345	0.90493
175.1645	0.90493
175.1945	0.90493
175.2245	0.90493
175.2545	0.90493
175.2845	0.90494
175.3145	0.90494
175.3445	0.90494
175.3745	0.90494
175.4045	0.90494
175.4345	0.90494
175.4645	0.90494
175.4945	0.90494
175.5245	0.90494
175.5545	0.90494
175.5845	0.90494
175.6145	0.90494
175.6445	0.90494
175.6745	0.90494
175.7045	0.90494
175.7345	0.90494
175.7645	0.90494
175.7945	0.90494
175.8245	0.90494
175.8545	0.90494
175.8845	0.90495
175.9145	0.90495
175.9445	0.90495
175.9745	0.90495
176.0045	0.90495
176.0345	0.90495
176.0645	0.90495
176.0945	0.90495
176.1245	0.90495
176.1545	0.90495
176.1845	0.90495
176.2145	0.90495
176.2445	0.90495
176.2745	0.90495
176.3045	0.90495
176.3345	0.90495
176.3645	0.90495
176.3945	0.90495
176.4245	0.90495
176.4545	0.90495
176.4845	0.90495
176.5145	0.90495
176.5444	0.90496
176.5744	0.90496
176.6044	0.90496
176.6344	0.90496
176.6644	0.90496
176.6944	0.90496
176.7244	0.90496
176.7544	0.90496
176.7844	0.90496
176.8144	0.90496
176.8444	0.90496
176.8744	0.90496
176.9044	0.90496
176.9344	0.90496
176.9644	0.90496
176.9944	0.90496
177.0244	0.90496
177.0544	0.90496
177.0844	0.90496
177.1144	0.90496
177.1444	0.90496
177.1744	0.90496
177.2044	0.90496
177.2344	0.90496
177.2644	0.90497
177.2944	0.90497
177.3244	0.90497
177.3544	0.90497
177.3844	0.90497
177.4144	0.90497
177.4444	0.90497
177.4744	0.90497
177.5044	0.90497
177.5344	0.90497
177.5644	0.90497
177.5944	0.90497
177.6244	0.90497
177.6544	0.90497
177.6844	0.90497
177.7144	0.90497
177.7444	0.90497
177.7744	0.90497
177.8044	0.90497
177.8344	0.90497
177.8644	0.90497
177.8944	0.90497
177.9244	0.90497
177.9544	0.90497
177.9844	0.90497
178.0144	0.90498
178.0444	0.90498
178.0744	0.90498
178.1044	0.90498
178.1344	0.90498
178.1644	0.90498
178.1944	0.90498
178.2244	0.90498
178.2544	0.90498
178.2844	0.90498
178.3144	0.90498
178.3444	0.90498
178.3744	0.90498
178.4044	0.90498
178.4344	0.90498
178.4644	0.90498
178.4944	0.90498
178.5244	0.90498
178.5544	0.90498
178.5844	0.90498
178.6144	0.90498
178.6444	0.90498
178.6744	0.90498
178.7044	0.90498
178.7344	0.90498
178.7644	0.90498
178.7944	0.90499
178.8244	0.90499
178.8544	0.90499
178.8844	0.90499
178.9144	0.90499
178.9444	0.90499
178.9743	0.90499
179.0043	0.90499
179.0343	0.90499
179.0643	0.90499
179.0943	0.90499
179.1243	0.90499
179.1543	0.90499
179.1843	0.90499
179.2143	0.90499
179.2443	0.90499
179.2743	0.90499
179.3043	0.90499
179.3343	0.90499
179.3643	0.90499
179.3943	0.90499
179.4243	0.90499
179.4543	0.90499
179.4843	0.90499
179.5143	0.90499
179.5443	0.90499
179.5743	0.90499
179.6043	0.905
400.0000	0.910