0	1.724504279673980000000000000000 
0.2000 	1.709907160962600000000000000000 
0.4000 	1.695131503907040000000000000000 
0.6000 	1.680182486977470000000000000000 
0.8000 	1.665066454623990000000000000000 
1.0000 	1.649790593970170000000000000000 
1.2000 	1.634363916268000000000000000000 
1.4000 	1.618796211750140000000000000000 
1.6000 	1.603095367453520000000000000000 
1.8000 	1.587274519643220000000000000000 
2.0000 	1.571345218599010000000000000000 
2.2000 	1.555319354193840000000000000000 
2.4000 	1.539209062015680000000000000000 
2.6000 	1.523026629624390000000000000000 
2.8000 	1.506784329810760000000000000000 
3.0000 	1.490494318892410000000000000000 
3.2000 	1.474168694050200000000000000000 
3.4000 	1.457819136114130000000000000000 
3.6000 	1.441456951656510000000000000000 
3.8000 	1.425093011047380000000000000000 
4.0000 	1.408737696034600000000000000000 
4.2000 	1.392400859001950000000000000000 
4.4000 	1.376091793430290000000000000000 
4.6000 	1.359819214500890000000000000000 
4.8000 	1.343591240176990000000000000000 
5.0000 	1.327415396941150000000000000000 
5.2000 	1.311298626259600000000000000000 
5.4000 	1.295247297235800000000000000000 
5.6000 	1.279267224565720000000000000000 
5.8000 	1.263363690746100000000000000000 
6.0000 	1.247541471563410000000000000000 
6.2000 	1.231804863999990000000000000000 
6.4000 	1.216157715820930000000000000000 
6.6000 	1.200603456247610000000000000000 
6.8000 	1.185145127272510000000000000000 
7.0000 	1.169785415315350000000000000000 
7.2000 	1.154526683064200000000000000000 
7.4000 	1.139371001468030000000000000000 
7.6000 	1.124320181958570000000000000000 
7.8000 	1.109375809063150000000000000000 
8.0000 	1.094539273632070000000000000000 
8.2000 	1.079811806936860000000000000000 
8.4000 	1.065194515903500000000000000000 
8.6000 	1.050688419724470000000000000000 
8.8000 	1.036294488051320000000000000000 
9.0000 	1.022013680905200000000000000000 
9.2000 	1.007846990363130000000000000000 
9.4000 	0.993795483985649000000000000000 
9.6000 	0.979860349853746000000000000000 
9.8000 	0.966042942983758000000000000000 
10.0000 	0.952344832794748000000000000000 
10.2000 	0.938767851218169000000000000000 
10.4000 	0.925314140970599000000000000000 
10.6000 	0.911986203459454000000000000000 
10.8000 	0.898786945764004000000000000000 
11.0000 	0.885719726131060000000000000000 
11.2000 	0.872788397448979000000000000000 
11.4000 	0.859997348212556000000000000000 
11.6000 	0.847351540430000000000000000000 
11.8000 	0.834856539921902000000000000000 
12.0000 	0.822518496215021000000000000000 
12.2000 	0.810344069711424000000000000000 
12.4000 	0.798340346501877000000000000000 
12.6000 	0.786514744019460000000000000000 
12.8000 	0.774874907604853000000000000000 
13.0000 	0.763428598064818000000000000000 
13.2000 	0.752183570395077000000000000000 
13.4000 	0.741147443907261000000000000000 
13.6000 	0.730327564040359000000000000000 
13.8000 	0.719730856146442000000000000000 
14.0000 	0.709363671514943000000000000000 
14.2000 	0.699231625837601000000000000000 
14.4000 	0.689339430227134000000000000000 
14.6000 	0.679690715342143000000000000000 
14.8000 	0.670287862369211000000000000000 
15.0000 	0.661131951581135000000000000000 
15.2000 	0.652222833497699000000000000000 
15.4000 	0.643559217493342000000000000000 
15.6000 	0.635138767424068000000000000000 
15.8000 	0.626958204475262000000000000000 
16.0000 	0.619013417810614000000000000000 
16.2000 	0.611299583580778000000000000000 
16.4000 	0.603811292827951000000000000000 
16.6000 	0.596542688808458000000000000000 
16.8000 	0.589487614252237000000000000000 
17.0000 	0.582639769089837000000000000000 
17.2000 	0.575992879207569000000000000000 
17.4000 	0.569540876827909000000000000000 
17.6000 	0.563278092454462000000000000000 
17.8000 	0.557199444332431000000000000000 
18.0000 	0.551300528282032000000000000000 
18.2000 	0.545577602768544000000000000000 
18.4000 	0.540027560390302000000000000000 
18.6000 	0.534647896495101000000000000000 
18.8000 	0.529436674431616000000000000000 
19.0000 	0.524392486447615000000000000000 
19.2000 	0.519514409291253000000000000000 
19.4000 	0.514801953647503000000000000000 
19.6000 	0.510255006633338000000000000000 
19.8000 	0.505873766678546000000000000000 
20.0000 	0.501658670227277000000000000000 
20.2000 	0.497610309802920000000000000000 
20.4000 	0.493729343087619000000000000000 
20.6000 	0.490016393065415000000000000000 
20.8000 	0.486471944379998000000000000000 
21.0000 	0.483096266034000000000000000000 
21.2000 	0.479889363159763000000000000000 
21.4000 	0.476850931253070000000000000000 
21.6000 	0.473980309813795000000000000000 
21.8000 	0.471276436335293000000000000000 
22.0000 	0.468737801836230000000000000000 
22.2000 	0.466362409135317000000000000000 
22.4000 	0.464147735039983000000000000000 
22.6000 	0.462090697559054000000000000000 
22.8000 	0.460187629159145000000000000000 
23.0000 	0.458434256966335000000000000000 
23.2000 	0.456825690671953000000000000000 
23.4000 	0.455356418737370000000000000000 
23.6000 	0.454020313311721000000000000000 
23.8000 	0.452810644082605000000000000000 
24.0000 	0.451720101078209000000000000000 
24.2000 	0.450740826234481000000000000000 
24.4000 	0.449864453338104000000000000000 
24.6000 	0.449082155759915000000000000000 
24.8000 	0.448384701208801000000000000000 
25.0000 	0.447762512567512000000000000000 
25.2000 	0.447205733723314000000000000000 
25.4000 	0.446704299181904000000000000000 
25.6000 	0.446248006155797000000000000000 
25.8000 	0.445826587751431000000000000000 
26.0000 	0.445429785844982000000000000000 
26.2000 	0.445047422237417000000000000000 
26.4000 	0.444669466715854000000000000000 
26.6000 	0.444286100722123000000000000000 
26.8000 	0.443887775440305000000000000000 
27.0000 	0.443465263263083000000000000000 
27.2000 	0.443009701780077000000000000000 
27.4000 	0.442512629648339000000000000000 
27.6000 	0.441966013951822000000000000000 
27.8000 	0.441362268928902000000000000000 
28.0000 	0.440694266238255000000000000000 
28.2000 	0.439955337236321000000000000000 
28.4000 	0.439139268044951000000000000000 
28.6000 	0.438240288484702000000000000000 
28.8000 	0.437253056225725000000000000000 
29.0000 	0.436172637751126000000000000000 
29.2000 	0.434994487922867000000000000000 
29.4000 	0.433714430074595000000000000000 
29.6000 	0.432328638615466000000000000000 
29.8000 	0.430833626103245000000000000000 
30.0000 	0.429226236624398000000000000000 
30.2000 	0.427503647098535000000000000000 
30.4000 	0.425663377803336000000000000000 
30.6000 	0.423703312998248000000000000000 
30.8000 	0.421621732020994000000000000000 
31.0000 	0.419417350655822000000000000000 
31.2000 	0.417089371948635000000000000000 
31.4000 	0.414637544998346000000000000000 
31.6000 	0.412062229617364000000000000000 
31.8000 	0.409364464161389000000000000000 
32.0000 	0.406546033314481000000000000000 
32.2000 	0.403609532214514000000000000000 
32.4000 	0.400558423047562000000000000000 
32.6000 	0.397397080153445000000000000000 
32.8000 	0.394130819787259000000000000000 
33.0000 	0.390765910982960000000000000000 
33.2000 	0.387309564463690000000000000000 
33.4000 	0.383769897228888000000000000000 
33.6000 	0.380155871297057000000000000000 
33.8000 	0.376477206063288000000000000000 
34.0000 	0.372744264801593000000000000000 
34.2000 	0.368967916955545000000000000000 
34.4000 	0.365159378965948000000000000000 
34.6000 	0.361330037427977000000000000000 
34.8000 	0.357491259302042000000000000000 
35.0000 	0.353654194675812000000000000000 
35.2000 	0.349829578149760000000000000000 
35.4000 	0.346027535265142000000000000000 
35.6000 	0.342257400490310000000000000000 
35.8000 	0.338527553120055000000000000000 
36.0000 	0.334845277024519000000000000000 
36.2000 	0.331216649521749000000000000000 
36.4000 	0.327646463763668000000000000000 
36.6000 	0.324138187949679000000000000000 
36.8000 	0.320693963453925000000000000000 
37.0000 	0.317314642614919000000000000000 
37.2000 	0.313999865537819000000000000000 
37.4000 	0.310748173850521000000000000000 
37.6000 	0.307557157986262000000000000000 
37.8000 	0.304423633288318000000000000000 
38.0000 	0.301343839095462000000000000000 
38.2000 	0.298313654014979000000000000000 
38.4000 	0.295328819863235000000000000000 
38.6000 	0.292385166284979000000000000000 
38.8000 	0.289478827876994000000000000000 
39.0000 	0.286606445754310000000000000000 
39.2000 	0.283765345913058000000000000000 
39.4000 	0.280953687455889000000000000000 
39.6000 	0.278170574735527000000000000000 
39.8000 	0.275416128708309000000000000000 
40.0000 	0.272691514231666000000000000000 
40.2000 	0.269998921635178000000000000000 
40.4000 	0.267341502585332000000000000000 
40.6000 	0.264723261983656000000000000000 
40.8000 	0.262148909318501000000000000000 
41.0000 	0.259623674464147000000000000000 
41.2000 	0.257153094321541000000000000000 
41.4000 	0.254742777864420000000000000000 
41.6000 	0.252398158042103000000000000000 
41.8000 	0.250124239558155000000000000000 
42.0000 	0.247925351767117000000000000000 
42.2000 	0.245804915799396000000000000000 
42.4000 	0.243765234542929000000000000000 
42.6000 	0.241807313299102000000000000000 
42.8000 	0.239930717824198000000000000000 
43.0000 	0.238133475112807000000000000000 
43.2000 	0.236412020731987000000000000000 
43.4000 	0.234761194838233000000000000000 
43.6000 	0.233174287269791000000000000000 
43.8000 	0.231643130373042000000000000000 
44.0000 	0.230158236558828000000000000000 
44.2000 	0.228708976053908000000000000000 
44.4000 	0.227283788968575000000000000000 
44.6000 	0.225870424689399000000000000000 
44.8000 	0.224456200762520000000000000000 
45.0000 	0.223028272883682000000000000000 
45.2000 	0.221573907371530000000000000000 
45.4000 	0.220080747575150000000000000000 
45.6000 	0.218537066049119000000000000000 
45.8000 	0.216931995002933000000000000000 
46.0000 	0.215255728469859000000000000000 
46.2000 	0.213499690806574000000000000000 
46.4000 	0.211656667484509000000000000000 
46.6000 	0.209720895613419000000000000000 
46.8000 	0.207688113188372000000000000000 
47.0000 	0.205555567609558000000000000000 
47.2000 	0.203321985524459000000000000000 
47.4000 	0.200987507419932000000000000000 
47.6000 	0.198553591587042000000000000000 
47.8000 	0.196022893041013000000000000000 
48.0000 	0.193399123660071000000000000000 
48.2000 	0.190686900180050000000000000000 
48.4000 	0.187891586732373000000000000000 
48.6000 	0.185019138342485000000000000000 
48.8000 	0.182075951232394000000000000000 
49.0000 	0.179068724928603000000000000000 
49.2000 	0.176004340113414000000000000000 
49.4000 	0.172889754933944000000000000000 
49.6000 	0.169731921167959000000000000000 
49.8000 	0.166537720313494000000000000000 
50.0000 	0.163313918396532000000000000000 
50.2000 	0.160067137150760000000000000000 
50.4000 	0.156803838283021000000000000000 
50.6000 	0.153530316853188000000000000000 
50.8000 	0.150252699409142000000000000000 
51.0000 	0.146976942450064000000000000000 
51.2000 	0.143708827046838000000000000000 
51.4000 	0.140453946008820000000000000000 
51.6000 	0.137217680811138000000000000000 
51.8000 	0.134005166526377000000000000000 
52.0000 	0.130821244164223000000000000000 
52.2000 	0.127670401026385000000000000000 
52.4000 	0.124556700844072000000000000000 
52.6000 	0.121483706496539000000000000000 
52.8000 	0.118454398939939000000000000000 
53.0000 	0.115471096551384000000000000000 
53.2000 	0.112535379382488000000000000000 
53.4000 	0.109648022813870000000000000000 
53.6000 	0.106808944824642000000000000000 
53.8000 	0.104017170578323000000000000000 
54.0000 	0.101270817332766000000000000000 
54.2000 	0.098567101868813000000000000000 
54.4000 	0.095902371763106500000000000000 
54.6000 	0.093272160961065200000000000000 
54.8000 	0.090671269280370100000000000000 
55.0000 	0.088093864723451300000000000000 
55.2000 	0.085533606812552800000000000000 
55.4000 	0.082983788583635000000000000000 
55.6000 	0.080437494375252500000000000000 
55.8000 	0.077887770110462200000000000000 
56.0000 	0.075327802378578400000000000000 
56.2000 	0.072751102268757600000000000000 
56.4000 	0.070151689587660900000000000000 
56.6000 	0.067524272820556500000000000000 
56.8000 	0.064864420082174900000000000000 
57.0000 	0.062168718354493800000000000000 
57.2000 	0.059434941990473100000000000000 
57.4000 	0.056662346665513700000000000000 
57.6000 	0.053852135100335100000000000000 
57.8000 	0.051007670582501900000000000000 
58.0000 	0.048134504933163400000000000000 
58.2000 	0.045240326130574900000000000000 
58.4000 	0.042334849480419400000000000000 
58.6000 	0.039429654781122700000000000000 
58.8000 	0.036537971758111300000000000000 
59.0000 	0.033674418251068000000000000000 
59.2000 	0.030854697831111400000000000000 
59.4000 	0.028095265453590300000000000000 
59.6000 	0.025412971279776300000000000000 
59.8000 	0.022824693559067000000000000000 
60.0000 	0.020346966891276000000000000000 
60.2000 	0.017995580762139900000000000000 
60.4000 	0.015785241276264500000000000000 
60.6000 	0.013730396086696900000000000000 
60.8000 	0.011844250351970100000000000000 
61.0000 	0.010132142081096000000000000000 
61.2000 	0.008598346870447370000000000000 
61.4000 	0.007235342569213850000000000000 
61.6000 	0.006037614539580910000000000000 
61.8000 	0.004997631109140230000000000000 
62.0000 	0.004105586585251930000000000000 
62.2000 	0.003361369996770170000000000000 
62.4000 	0.002752056988829380000000000000 
62.6000 	0.002253193690977800000000000000 
62.8000 	0.001844758967444810000000000000 
63.0000 	0.001510360898663450000000000000 
63.2000 	0.001236578915982260000000000000 
63.4000 	0.001012425187122510000000000000 
63.6000 	0.000828903635887932000000000000 
63.8000 	0.000678648898039604000000000000 
64.0000 	0.000555630723367507000000000000 
64.2000 	0.000454911960575943000000000000 
64.4000 	0.000372450412066523000000000000 
64.6000 	0.000304936606355429000000000000 
64.8000 	0.000249660977362424000000000000 
65.0000 	0.000204405120010123000000000000 
65.2000 	0.000167352757838883000000000000 
65.4000 	0.000137016849455106000000000000 
65.6000 	0.000112179908338751000000000000 
65.8000 	0.000091845140834404900000000000 
66.0000 	0.000075196441321905600000000000 
66.2000 	0.000061565639032268000000000000 
66.4000 	0.000050405682008616000000000000 
66.6000 	0.000041268681990323400000000000 
66.8000 	0.000033787939084473200000000000 
67.0000 	0.000027663224811583700000000000 
67.2000 	0.000022648732882553500000000000 
67.4000 	0.000018543214129195000000000000 
67.6000 	0.000015181899668482100000000000 
67.8000 	0.000012429888148730700000000000 
68.0000 	0.000010176731684685400000000000 
68.2000 	0.000008332003196075050000000000 
68.4000 	0.000006821667251370680000000000 
68.6000 	0.000005585108765962120000000000 
68.8000 	0.000004572700305978600000000000 
69.0000 	0.000003743810365113780000000000 
69.2000 	0.000003065172679610760000000000 
69.4000 	0.000002509551136291770000000000 
69.6000 	0.000002054646691703860000000000 
69.8000 	0.000001682202433207890000000000 
70.0000 	0.000001377270864969910000000000 
70.2000 	0.000001134427874084150000000000 
70.4000 	0.000000935323184951448000000000 
70.6000 	0.000000771173206187867000000000 
70.8000 	0.000000635795547887630000000000 
71.0000 	0.000000524119843427194000000000 
71.2000 	0.000000431982604001786000000000 
71.4000 	0.000000368181176925656000000000 
71.6000 	0.000000319223396103392000000000 
71.8000 	0.000000277444112589878000000000 
72.0000 	0.000000241555297098950000000000 
72.2000 	0.000000210551596355123000000000 
72.4000 	0.000000183641748408624000000000 
72.6000 	0.000000160197001170974000000000 
72.8000 	0.000000139712282537288000000000 
73.0000 	0.000000121776977561734000000000 
73.2000 	0.000000106052966537376000000000 
73.4000 	0.000000092258156903697300000000 
73.6000 	0.000000080154166467315600000000 
73.8000 	0.000000069537131417583100000000 
74.0000 	0.000000060230851888542600000000 
74.2000 	0.000000052081671980049200000000 
74.4000 	0.000000044954634690358400000000 
74.6000 	0.000000038730564844665800000000 
74.8000 	0.000000033303821485739200000000 
75.0000 	0.000000028580530095217700000000 
75.2000 	0.000000024477158071430300000000 
75.4000 	0.000000020919337040784600000000 
75.6000 	0.000000017840865305495100000000 
75.8000 	0.000000015182845167997700000000 
76.0000 	0.000000012892924864862600000000 
76.2000 	0.000000010924624960277100000000 
76.4000 	0.000000009236735600711080000000 
76.6000 	0.000000007792775081447360000000 
76.8000 	0.000000006560502557834970000000 
77.0000 	0.000000005511479080383420000000 
77.2000 	0.000000004620671896277480000000 
77.4000 	0.000000003866097444591460000000 
77.6000 	0.000000003228498863192830000000 
77.8000 	0.000000002691054216804180000000 
78.0000 	0.000000002239112079995500000000 
78.2000 	0.000000001859951559376590000000 
78.4000 	0.000000001542564290219190000000 
78.6000 	0.000000001277456363865110000000 
78.8000 	0.000000001056468508104560000000 
79.0000 	0.000000000872613137457772000000 
79.2000 	0.000000000719927108976231000000 
79.4000 	0.000000000593339166296253000000 
79.6000 	0.000000000488551141460237000000 
79.8000 	0.000000000401932025350784000000 
80.0000 	0.000000000330424029143030000000 
80.2000 	0.000000000271459755331209000000 
80.4000 	0.000000000222889589316908000000 
80.6000 	0.000000000182918419703674000000 
80.8000 	0.000000000150050802542449000000 
81.0000 	0.000000000123043704207637000000 
81.2000 	0.000000000100865989541271000000 
81.4000 	0.000000000082663865032378900000 
81.6000 	0.000000000067731538832879600000 
81.8000 	0.000000000055486417681062900000 
82.0000 	0.000000000045448222621688700000 
82.2000 	0.000000000037221468331530500000 
82.4000 	0.000000000030480812820799900000 
82.6000 	0.000000000024958843675094000000 
82.8000 	0.000000000020435922668951100000 
83.0000 	0.000000000016731761771414400000 
83.2000 	0.000000000013698877445585400000 
83.4000 	0.000000000011215734646231500000 
83.6000 	0.000000000009182692576836990000 
83.8000 	0.000000000007518168286680470000 
84.0000 	0.000000000006155364820680480000 
84.2000 	0.000000000005039591914426320000 
84.4000 	0.000000000004126072015306300000 
84.6000 	0.000000000003378143781260720000 
84.8000 	0.000000000002765791088927210000 
85.0000 	0.000000000002264438599226910000 
85.2000 	0.000000000001853965595324340000 
85.4000 	0.000000000001517898648040570000 
85.6000 	0.000000000001242750303206300000 
85.8000 	0.000000000001017477891631980000 
86.0000 	0.000000000000833040440456055000 
86.2000 	0.000000000000682035827159000000 
86.4000 	0.000000000000558403706396052000 
86.6000 	0.000000000000457182287059176000 
86.8000 	0.000000000000374309198177873000 
87.0000 	0.000000000000306458451708185000 
87.2000 	0.000000000000250906958954155000 
87.4000 	0.000000000000205425243457041000 
87.6000 	0.000000000000168187964276811000 
87.8000 	0.000000000000137700658651006000 
88.0000 	0.000000000000112739763956672000 
88.2000 	0.000000000000092303511846080600 
88.4000 	0.000000000000075571723765484000 
88.6000 	0.000000000000061872894309915900 
88.8000 	0.000000000000050657241353471800 
89.0000 	0.000000000000041474641362181100 
89.2000 	0.000000000000033956564356097700 
89.4000 	0.000000000000027801283507208800 
89.6000 	0.000000000000022761765782391500 
89.8000 	0.000000000000018635757640402100 
90.0000 	0.000000000000015257667887105100 
90.2000 	0.000000000000012491921919423300 
90.4000 	0.000000000000010227520640480800 
90.6000 	0.000000000000008373585676101470 
90.8000 	0.000000000000006855712106557560 
91.0000 	0.000000000000005612982335887700 
91.2000 	0.000000000000004595521254874750 
91.4000 	0.000000000000003762494577789470 
91.6000 	0.000000000000003080470019125400 
91.8000 	0.000000000000002522075538592680 
92.0000 	0.000000000000002064900805031540 
92.2000 	0.000000000000001690597791134800 
92.4000 	0.000000000000001384144402687770 
92.6000 	0.000000000000001133241589181230 
92.8000 	0.000000000000000927819739729641 
93.0000 	0.000000000000000800809191115473 
400.0000 	0.000000000000000000000000000000 